40000
Clean Stain_Level_1 Stain_Level_2 Stain_Level_3
000071.jpg 1 -1 -1 -1
001342.jpg -1 1 -1 -1
002157.jpg -1 -1 1 -1
000224.jpg -1 -1 -1 1
003103.jpg 1 -1 -1 -1
005078.jpg -1 1 -1 -1
004037.jpg -1 -1 1 -1
005548.jpg -1 -1 -1 1
002379.jpg 1 -1 -1 -1
003170.jpg -1 1 -1 -1
007672.jpg -1 -1 1 -1
005623.jpg -1 -1 -1 1
004206.jpg 1 -1 -1 -1
002500.jpg -1 1 -1 -1
008739.jpg -1 -1 1 -1
004090.jpg -1 -1 -1 1
004873.jpg 1 -1 -1 -1
002320.jpg -1 1 -1 -1
007631.jpg -1 -1 1 -1
003036.jpg -1 -1 -1 1
000402.jpg 1 -1 -1 -1
005473.jpg -1 1 -1 -1
000552.jpg -1 -1 1 -1
009127.jpg -1 -1 -1 1
005022.jpg 1 -1 -1 -1
006605.jpg -1 1 -1 -1
007156.jpg -1 -1 1 -1
003539.jpg -1 -1 -1 1
008490.jpg 1 -1 -1 -1
002368.jpg -1 1 -1 -1
006710.jpg -1 -1 1 -1
006437.jpg -1 -1 -1 1
008363.jpg 1 -1 -1 -1
007768.jpg -1 1 -1 -1
003790.jpg -1 -1 1 -1
009764.jpg -1 -1 -1 1
004201.jpg 1 -1 -1 -1
000368.jpg -1 1 -1 -1
008252.jpg -1 -1 1 -1
000091.jpg -1 -1 -1 1
005106.jpg 1 -1 -1 -1
002753.jpg -1 1 -1 -1
009991.jpg -1 -1 1 -1
000510.jpg -1 -1 -1 1
002861.jpg 1 -1 -1 -1
003379.jpg -1 1 -1 -1
008985.jpg -1 -1 1 -1
008927.jpg -1 -1 -1 1
000150.jpg 1 -1 -1 -1
000645.jpg -1 1 -1 -1
006155.jpg -1 -1 1 -1
006513.jpg -1 -1 -1 1
007351.jpg 1 -1 -1 -1
006109.jpg -1 1 -1 -1
008836.jpg -1 -1 1 -1
008419.jpg -1 -1 -1 1
009402.jpg 1 -1 -1 -1
006608.jpg -1 1 -1 -1
005263.jpg -1 -1 1 -1
001990.jpg -1 -1 -1 1
002869.jpg 1 -1 -1 -1
005276.jpg -1 1 -1 -1
001618.jpg -1 -1 1 -1
008225.jpg -1 -1 -1 1
000744.jpg 1 -1 -1 -1
002663.jpg -1 1 -1 -1
004190.jpg -1 -1 1 -1
007309.jpg -1 -1 -1 1
005300.jpg 1 -1 -1 -1
005610.jpg -1 1 -1 -1
001782.jpg -1 -1 1 -1
003045.jpg -1 -1 -1 1
008908.jpg 1 -1 -1 -1
004994.jpg -1 1 -1 -1
007889.jpg -1 -1 1 -1
006461.jpg -1 -1 -1 1
004656.jpg 1 -1 -1 -1
008175.jpg -1 1 -1 -1
001173.jpg -1 -1 1 -1
006322.jpg -1 -1 -1 1
005505.jpg 1 -1 -1 -1
003527.jpg -1 1 -1 -1
003565.jpg -1 -1 1 -1
008468.jpg -1 -1 -1 1
008266.jpg 1 -1 -1 -1
007641.jpg -1 1 -1 -1
008800.jpg -1 -1 1 -1
009931.jpg -1 -1 -1 1
005602.jpg 1 -1 -1 -1
001073.jpg -1 1 -1 -1
008056.jpg -1 -1 1 -1
009079.jpg -1 -1 -1 1
002542.jpg 1 -1 -1 -1
008099.jpg -1 1 -1 -1
002185.jpg -1 -1 1 -1
002895.jpg -1 -1 -1 1
005254.jpg 1 -1 -1 -1
007669.jpg -1 1 -1 -1
007516.jpg -1 -1 1 -1
005755.jpg -1 -1 -1 1
002834.jpg 1 -1 -1 -1
000936.jpg -1 1 -1 -1
003358.jpg -1 -1 1 -1
008013.jpg -1 -1 -1 1
003444.jpg 1 -1 -1 -1
002899.jpg -1 1 -1 -1
002730.jpg -1 -1 1 -1
005375.jpg -1 -1 -1 1
002956.jpg 1 -1 -1 -1
002449.jpg -1 1 -1 -1
008152.jpg -1 -1 1 -1
002126.jpg -1 -1 -1 1
006052.jpg 1 -1 -1 -1
005082.jpg -1 1 -1 -1
001513.jpg -1 -1 1 -1
008944.jpg -1 -1 -1 1
005807.jpg 1 -1 -1 -1
002790.jpg -1 1 -1 -1
005973.jpg -1 -1 1 -1
007643.jpg -1 -1 -1 1
007538.jpg 1 -1 -1 -1
008257.jpg -1 1 -1 -1
004269.jpg -1 -1 1 -1
006612.jpg -1 -1 -1 1
002739.jpg 1 -1 -1 -1
005386.jpg -1 1 -1 -1
006297.jpg -1 -1 1 -1
004896.jpg -1 -1 -1 1
004191.jpg 1 -1 -1 -1
006678.jpg -1 1 -1 -1
004076.jpg -1 -1 1 -1
000056.jpg -1 -1 -1 1
009902.jpg 1 -1 -1 -1
007517.jpg -1 1 -1 -1
005124.jpg -1 -1 1 -1
007779.jpg -1 -1 -1 1
003642.jpg 1 -1 -1 -1
009033.jpg -1 1 -1 -1
000527.jpg -1 -1 1 -1
008518.jpg -1 -1 -1 1
009756.jpg 1 -1 -1 -1
001339.jpg -1 1 -1 -1
004050.jpg -1 -1 1 -1
001128.jpg -1 -1 -1 1
006119.jpg 1 -1 -1 -1
002526.jpg -1 1 -1 -1
008717.jpg -1 -1 1 -1
001588.jpg -1 -1 -1 1
009721.jpg 1 -1 -1 -1
007040.jpg -1 1 -1 -1
008310.jpg -1 -1 1 -1
003307.jpg -1 -1 -1 1
007426.jpg 1 -1 -1 -1
000152.jpg -1 1 -1 -1
009486.jpg -1 -1 1 -1
007869.jpg -1 -1 -1 1
008361.jpg 1 -1 -1 -1
003439.jpg -1 1 -1 -1
006054.jpg -1 -1 1 -1
003227.jpg -1 -1 -1 1
008754.jpg 1 -1 -1 -1
006983.jpg -1 1 -1 -1
004973.jpg -1 -1 1 -1
004756.jpg -1 -1 -1 1
002506.jpg 1 -1 -1 -1
004953.jpg -1 1 -1 -1
000992.jpg -1 -1 1 -1
001750.jpg -1 -1 -1 1
006853.jpg 1 -1 -1 -1
001099.jpg -1 1 -1 -1
008034.jpg -1 -1 1 -1
006577.jpg -1 -1 -1 1
008440.jpg 1 -1 -1 -1
000878.jpg -1 1 -1 -1
000029.jpg -1 -1 1 -1
007459.jpg -1 -1 -1 1
008954.jpg 1 -1 -1 -1
003088.jpg -1 1 -1 -1
000885.jpg -1 -1 1 -1
005266.jpg -1 -1 -1 1
000097.jpg 1 -1 -1 -1
001320.jpg -1 1 -1 -1
001694.jpg -1 -1 1 -1
009421.jpg -1 -1 -1 1
002259.jpg 1 -1 -1 -1
008377.jpg -1 1 -1 -1
003136.jpg -1 -1 1 -1
000639.jpg -1 -1 -1 1
003382.jpg 1 -1 -1 -1
009253.jpg -1 1 -1 -1
007436.jpg -1 -1 1 -1
007083.jpg -1 -1 -1 1
000450.jpg 1 -1 -1 -1
007953.jpg -1 1 -1 -1
008536.jpg -1 -1 1 -1
001111.jpg -1 -1 -1 1
000462.jpg 1 -1 -1 -1
000381.jpg -1 1 -1 -1
002340.jpg -1 -1 1 -1
001136.jpg -1 -1 -1 1
001071.jpg 1 -1 -1 -1
009318.jpg -1 1 -1 -1
000828.jpg -1 -1 1 -1
009970.jpg -1 -1 -1 1
000519.jpg 1 -1 -1 -1
005677.jpg -1 1 -1 -1
002900.jpg -1 -1 1 -1
002099.jpg -1 -1 -1 1
003609.jpg 1 -1 -1 -1
003461.jpg -1 1 -1 -1
008556.jpg -1 -1 1 -1
004875.jpg -1 -1 -1 1
001058.jpg 1 -1 -1 -1
001137.jpg -1 1 -1 -1
000440.jpg -1 -1 1 -1
008238.jpg -1 -1 -1 1
008925.jpg 1 -1 -1 -1
001412.jpg -1 1 -1 -1
007139.jpg -1 -1 1 -1
006345.jpg -1 -1 -1 1
007376.jpg 1 -1 -1 -1
005685.jpg -1 1 -1 -1
008891.jpg -1 -1 1 -1
006482.jpg -1 -1 -1 1
002849.jpg 1 -1 -1 -1
001512.jpg -1 1 -1 -1
009575.jpg -1 -1 1 -1
000862.jpg -1 -1 -1 1
007033.jpg 1 -1 -1 -1
006463.jpg -1 1 -1 -1
005861.jpg -1 -1 1 -1
001484.jpg -1 -1 -1 1
009858.jpg 1 -1 -1 -1
002513.jpg -1 1 -1 -1
000536.jpg -1 -1 1 -1
002839.jpg -1 -1 -1 1
007822.jpg 1 -1 -1 -1
009277.jpg -1 1 -1 -1
008676.jpg -1 -1 1 -1
004634.jpg -1 -1 -1 1
005673.jpg 1 -1 -1 -1
005424.jpg -1 1 -1 -1
003989.jpg -1 -1 1 -1
003068.jpg -1 -1 -1 1
000129.jpg 1 -1 -1 -1
006381.jpg -1 1 -1 -1
001044.jpg -1 -1 1 -1
009971.jpg -1 -1 -1 1
002265.jpg 1 -1 -1 -1
009568.jpg -1 1 -1 -1
005279.jpg -1 -1 1 -1
008278.jpg -1 -1 -1 1
000069.jpg 1 -1 -1 -1
002604.jpg -1 1 -1 -1
008651.jpg -1 -1 1 -1
008824.jpg -1 -1 -1 1
001437.jpg 1 -1 -1 -1
007748.jpg -1 1 -1 -1
006819.jpg -1 -1 1 -1
003194.jpg -1 -1 -1 1
009807.jpg 1 -1 -1 -1
001926.jpg -1 1 -1 -1
000092.jpg -1 -1 1 -1
004475.jpg -1 -1 -1 1
007698.jpg 1 -1 -1 -1
005601.jpg -1 1 -1 -1
001704.jpg -1 -1 1 -1
003111.jpg -1 -1 -1 1
000030.jpg 1 -1 -1 -1
001619.jpg -1 1 -1 -1
007594.jpg -1 -1 1 -1
005689.jpg -1 -1 -1 1
009910.jpg 1 -1 -1 -1
002469.jpg -1 1 -1 -1
002882.jpg -1 -1 1 -1
008920.jpg -1 -1 -1 1
004567.jpg 1 -1 -1 -1
001789.jpg -1 1 -1 -1
009946.jpg -1 -1 1 -1
009712.jpg -1 -1 -1 1
008789.jpg 1 -1 -1 -1
005308.jpg -1 1 -1 -1
006363.jpg -1 -1 1 -1
002881.jpg -1 -1 -1 1
003975.jpg 1 -1 -1 -1
007085.jpg -1 1 -1 -1
001459.jpg -1 -1 1 -1
000921.jpg -1 -1 -1 1
005664.jpg 1 -1 -1 -1
003350.jpg -1 1 -1 -1
003490.jpg -1 -1 1 -1
006641.jpg -1 -1 -1 1
000824.jpg 1 -1 -1 -1
001335.jpg -1 1 -1 -1
006574.jpg -1 -1 1 -1
006499.jpg -1 -1 -1 1
008506.jpg 1 -1 -1 -1
003657.jpg -1 1 -1 -1
007439.jpg -1 -1 1 -1
005190.jpg -1 -1 -1 1
002332.jpg 1 -1 -1 -1
000059.jpg -1 1 -1 -1
008914.jpg -1 -1 1 -1
008353.jpg -1 -1 -1 1
001896.jpg 1 -1 -1 -1
009491.jpg -1 1 -1 -1
004714.jpg -1 -1 1 -1
004345.jpg -1 -1 -1 1
007808.jpg 1 -1 -1 -1
001727.jpg -1 1 -1 -1
004982.jpg -1 -1 1 -1
005964.jpg -1 -1 -1 1
002027.jpg 1 -1 -1 -1
008017.jpg -1 1 -1 -1
000920.jpg -1 -1 1 -1
006295.jpg -1 -1 -1 1
006158.jpg 1 -1 -1 -1
004964.jpg -1 1 -1 -1
002985.jpg -1 -1 1 -1
002726.jpg -1 -1 -1 1
007548.jpg 1 -1 -1 -1
001947.jpg -1 1 -1 -1
005633.jpg -1 -1 1 -1
007789.jpg -1 -1 -1 1
009331.jpg 1 -1 -1 -1
007370.jpg -1 1 -1 -1
001760.jpg -1 -1 1 -1
000543.jpg -1 -1 -1 1
009669.jpg 1 -1 -1 -1
007084.jpg -1 1 -1 -1
001201.jpg -1 -1 1 -1
009208.jpg -1 -1 -1 1
003063.jpg 1 -1 -1 -1
002845.jpg -1 1 -1 -1
004036.jpg -1 -1 1 -1
006179.jpg -1 -1 -1 1
003856.jpg 1 -1 -1 -1
005071.jpg -1 1 -1 -1
008454.jpg -1 -1 1 -1
003701.jpg -1 -1 -1 1
004572.jpg 1 -1 -1 -1
002088.jpg -1 1 -1 -1
006567.jpg -1 -1 1 -1
008692.jpg -1 -1 -1 1
000979.jpg 1 -1 -1 -1
001834.jpg -1 1 -1 -1
003001.jpg -1 -1 1 -1
003904.jpg -1 -1 -1 1
007551.jpg 1 -1 -1 -1
000054.jpg -1 1 -1 -1
000012.jpg -1 -1 1 -1
005803.jpg -1 -1 -1 1
005314.jpg 1 -1 -1 -1
002577.jpg -1 1 -1 -1
009304.jpg -1 -1 1 -1
008023.jpg -1 -1 -1 1
003197.jpg 1 -1 -1 -1
004186.jpg -1 1 -1 -1
009833.jpg -1 -1 1 -1
001904.jpg -1 -1 -1 1
007983.jpg 1 -1 -1 -1
005990.jpg -1 1 -1 -1
002005.jpg -1 -1 1 -1
009788.jpg -1 -1 -1 1
008385.jpg 1 -1 -1 -1
007431.jpg -1 1 -1 -1
008493.jpg -1 -1 1 -1
000819.jpg -1 -1 -1 1
004490.jpg 1 -1 -1 -1
006367.jpg -1 1 -1 -1
009878.jpg -1 -1 1 -1
006277.jpg -1 -1 -1 1
001132.jpg 1 -1 -1 -1
003595.jpg -1 1 -1 -1
005922.jpg -1 -1 1 -1
001208.jpg -1 -1 -1 1
004791.jpg 1 -1 -1 -1
004910.jpg -1 1 -1 -1
005859.jpg -1 -1 1 -1
002746.jpg -1 -1 -1 1
000969.jpg 1 -1 -1 -1
008144.jpg -1 1 -1 -1
002703.jpg -1 -1 1 -1
008501.jpg -1 -1 -1 1
006812.jpg 1 -1 -1 -1
007611.jpg -1 1 -1 -1
002280.jpg -1 -1 1 -1
000103.jpg -1 -1 -1 1
006836.jpg 1 -1 -1 -1
008851.jpg -1 1 -1 -1
001657.jpg -1 -1 1 -1
000000.jpg -1 -1 -1 1
008677.jpg 1 -1 -1 -1
009579.jpg -1 1 -1 -1
001304.jpg -1 -1 1 -1
009751.jpg -1 -1 -1 1
004494.jpg 1 -1 -1 -1
001252.jpg -1 1 -1 -1
009795.jpg -1 -1 1 -1
009498.jpg -1 -1 -1 1
000297.jpg 1 -1 -1 -1
006192.jpg -1 1 -1 -1
005615.jpg -1 -1 1 -1
009254.jpg -1 -1 -1 1
006805.jpg 1 -1 -1 -1
009499.jpg -1 1 -1 -1
000967.jpg -1 -1 1 -1
009406.jpg -1 -1 -1 1
009197.jpg 1 -1 -1 -1
008691.jpg -1 1 -1 -1
001610.jpg -1 -1 1 -1
004950.jpg -1 -1 -1 1
002885.jpg 1 -1 -1 -1
007371.jpg -1 1 -1 -1
006705.jpg -1 -1 1 -1
009592.jpg -1 -1 -1 1
006519.jpg 1 -1 -1 -1
004253.jpg -1 1 -1 -1
000324.jpg -1 -1 1 -1
005539.jpg -1 -1 -1 1
008058.jpg 1 -1 -1 -1
007817.jpg -1 1 -1 -1
000335.jpg -1 -1 1 -1
009052.jpg -1 -1 -1 1
003195.jpg 1 -1 -1 -1
000225.jpg -1 1 -1 -1
002472.jpg -1 -1 1 -1
004980.jpg -1 -1 -1 1
000339.jpg 1 -1 -1 -1
000313.jpg -1 1 -1 -1
002815.jpg -1 -1 1 -1
006582.jpg -1 -1 -1 1
005285.jpg 1 -1 -1 -1
004492.jpg -1 1 -1 -1
007746.jpg -1 -1 1 -1
008081.jpg -1 -1 -1 1
009688.jpg 1 -1 -1 -1
004605.jpg -1 1 -1 -1
007588.jpg -1 -1 1 -1
009475.jpg -1 -1 -1 1
007145.jpg 1 -1 -1 -1
003247.jpg -1 1 -1 -1
005083.jpg -1 -1 1 -1
000882.jpg -1 -1 -1 1
008574.jpg 1 -1 -1 -1
009901.jpg -1 1 -1 -1
008148.jpg -1 -1 1 -1
000179.jpg -1 -1 -1 1
006432.jpg 1 -1 -1 -1
001631.jpg -1 1 -1 -1
000022.jpg -1 -1 1 -1
005612.jpg -1 -1 -1 1
008354.jpg 1 -1 -1 -1
001265.jpg -1 1 -1 -1
001592.jpg -1 -1 1 -1
008247.jpg -1 -1 -1 1
003246.jpg 1 -1 -1 -1
006660.jpg -1 1 -1 -1
005219.jpg -1 -1 1 -1
000336.jpg -1 -1 -1 1
001862.jpg 1 -1 -1 -1
001717.jpg -1 1 -1 -1
002977.jpg -1 -1 1 -1
002664.jpg -1 -1 -1 1
003559.jpg 1 -1 -1 -1
003124.jpg -1 1 -1 -1
008211.jpg -1 -1 1 -1
009578.jpg -1 -1 -1 1
008576.jpg 1 -1 -1 -1
008639.jpg -1 1 -1 -1
001654.jpg -1 -1 1 -1
001893.jpg -1 -1 -1 1
000747.jpg 1 -1 -1 -1
000770.jpg -1 1 -1 -1
002641.jpg -1 -1 1 -1
001688.jpg -1 -1 -1 1
002830.jpg 1 -1 -1 -1
009155.jpg -1 1 -1 -1
003738.jpg -1 -1 1 -1
000879.jpg -1 -1 -1 1
000021.jpg 1 -1 -1 -1
000124.jpg -1 1 -1 -1
000667.jpg -1 -1 1 -1
002098.jpg -1 -1 -1 1
000257.jpg 1 -1 -1 -1
004423.jpg -1 1 -1 -1
007742.jpg -1 -1 1 -1
006292.jpg -1 -1 -1 1
008051.jpg 1 -1 -1 -1
002528.jpg -1 1 -1 -1
007455.jpg -1 -1 1 -1
001378.jpg -1 -1 -1 1
009976.jpg 1 -1 -1 -1
009975.jpg -1 1 -1 -1
005661.jpg -1 -1 1 -1
004899.jpg -1 -1 -1 1
002298.jpg 1 -1 -1 -1
005129.jpg -1 1 -1 -1
004624.jpg -1 -1 1 -1
005126.jpg -1 -1 -1 1
006517.jpg 1 -1 -1 -1
005729.jpg -1 1 -1 -1
002856.jpg -1 -1 1 -1
001268.jpg -1 -1 -1 1
006698.jpg 1 -1 -1 -1
004672.jpg -1 1 -1 -1
008972.jpg -1 -1 1 -1
004523.jpg -1 -1 -1 1
006013.jpg 1 -1 -1 -1
003876.jpg -1 1 -1 -1
008835.jpg -1 -1 1 -1
009050.jpg -1 -1 -1 1
004457.jpg 1 -1 -1 -1
002672.jpg -1 1 -1 -1
002662.jpg -1 -1 1 -1
004821.jpg -1 -1 -1 1
002364.jpg 1 -1 -1 -1
003314.jpg -1 1 -1 -1
003009.jpg -1 -1 1 -1
006910.jpg -1 -1 -1 1
004436.jpg 1 -1 -1 -1
009354.jpg -1 1 -1 -1
009241.jpg -1 -1 1 -1
006550.jpg -1 -1 -1 1
009093.jpg 1 -1 -1 -1
002315.jpg -1 1 -1 -1
006769.jpg -1 -1 1 -1
001976.jpg -1 -1 -1 1
001582.jpg 1 -1 -1 -1
002948.jpg -1 1 -1 -1
004579.jpg -1 -1 1 -1
007610.jpg -1 -1 -1 1
008912.jpg 1 -1 -1 -1
009615.jpg -1 1 -1 -1
008390.jpg -1 -1 1 -1
006331.jpg -1 -1 -1 1
008481.jpg 1 -1 -1 -1
003048.jpg -1 1 -1 -1
007015.jpg -1 -1 1 -1
007571.jpg -1 -1 -1 1
003818.jpg 1 -1 -1 -1
000768.jpg -1 1 -1 -1
003903.jpg -1 -1 1 -1
008182.jpg -1 -1 -1 1
003020.jpg 1 -1 -1 -1
008299.jpg -1 1 -1 -1
003202.jpg -1 -1 1 -1
008145.jpg -1 -1 -1 1
002072.jpg 1 -1 -1 -1
000279.jpg -1 1 -1 -1
001166.jpg -1 -1 1 -1
008515.jpg -1 -1 -1 1
006960.jpg 1 -1 -1 -1
005926.jpg -1 1 -1 -1
009621.jpg -1 -1 1 -1
004604.jpg -1 -1 -1 1
008219.jpg 1 -1 -1 -1
004530.jpg -1 1 -1 -1
005761.jpg -1 -1 1 -1
007879.jpg -1 -1 -1 1
006078.jpg 1 -1 -1 -1
002580.jpg -1 1 -1 -1
007411.jpg -1 -1 1 -1
006474.jpg -1 -1 -1 1
007897.jpg 1 -1 -1 -1
002719.jpg -1 1 -1 -1
001622.jpg -1 -1 1 -1
005701.jpg -1 -1 -1 1
004140.jpg 1 -1 -1 -1
006091.jpg -1 1 -1 -1
003810.jpg -1 -1 1 -1
001329.jpg -1 -1 -1 1
008942.jpg 1 -1 -1 -1
007069.jpg -1 1 -1 -1
009284.jpg -1 -1 1 -1
004259.jpg -1 -1 -1 1
002441.jpg 1 -1 -1 -1
007247.jpg -1 1 -1 -1
001628.jpg -1 -1 1 -1
001915.jpg -1 -1 -1 1
001042.jpg 1 -1 -1 -1
003240.jpg -1 1 -1 -1
000551.jpg -1 -1 1 -1
009758.jpg -1 -1 -1 1
000077.jpg 1 -1 -1 -1
000938.jpg -1 1 -1 -1
009727.jpg -1 -1 1 -1
003254.jpg -1 -1 -1 1
008101.jpg 1 -1 -1 -1
002705.jpg -1 1 -1 -1
002007.jpg -1 -1 1 -1
008526.jpg -1 -1 -1 1
007421.jpg 1 -1 -1 -1
000164.jpg -1 1 -1 -1
008195.jpg -1 -1 1 -1
003290.jpg -1 -1 -1 1
001769.jpg 1 -1 -1 -1
009190.jpg -1 1 -1 -1
006844.jpg -1 -1 1 -1
003803.jpg -1 -1 -1 1
005746.jpg 1 -1 -1 -1
008513.jpg -1 1 -1 -1
001415.jpg -1 -1 1 -1
005246.jpg -1 -1 -1 1
000724.jpg 1 -1 -1 -1
003594.jpg -1 1 -1 -1
006553.jpg -1 -1 1 -1
007200.jpg -1 -1 -1 1
008543.jpg 1 -1 -1 -1
002309.jpg -1 1 -1 -1
009867.jpg -1 -1 1 -1
002360.jpg -1 -1 -1 1
003939.jpg 1 -1 -1 -1
001850.jpg -1 1 -1 -1
009289.jpg -1 -1 1 -1
001104.jpg -1 -1 -1 1
004879.jpg 1 -1 -1 -1
004533.jpg -1 1 -1 -1
003868.jpg -1 -1 1 -1
002258.jpg -1 -1 -1 1
003432.jpg 1 -1 -1 -1
008926.jpg -1 1 -1 -1
000781.jpg -1 -1 1 -1
006931.jpg -1 -1 -1 1
009977.jpg 1 -1 -1 -1
009344.jpg -1 1 -1 -1
004709.jpg -1 -1 1 -1
007500.jpg -1 -1 -1 1
005634.jpg 1 -1 -1 -1
002456.jpg -1 1 -1 -1
003735.jpg -1 -1 1 -1
006500.jpg -1 -1 -1 1
007875.jpg 1 -1 -1 -1
008602.jpg -1 1 -1 -1
008617.jpg -1 -1 1 -1
007791.jpg -1 -1 -1 1
002837.jpg 1 -1 -1 -1
009084.jpg -1 1 -1 -1
006962.jpg -1 -1 1 -1
004414.jpg -1 -1 -1 1
006771.jpg 1 -1 -1 -1
000714.jpg -1 1 -1 -1
005209.jpg -1 -1 1 -1
003296.jpg -1 -1 -1 1
008150.jpg 1 -1 -1 -1
008620.jpg -1 1 -1 -1
006242.jpg -1 -1 1 -1
006833.jpg -1 -1 -1 1
000503.jpg 1 -1 -1 -1
007278.jpg -1 1 -1 -1
008477.jpg -1 -1 1 -1
005572.jpg -1 -1 -1 1
003619.jpg 1 -1 -1 -1
007162.jpg -1 1 -1 -1
005392.jpg -1 -1 1 -1
002511.jpg -1 -1 -1 1
001798.jpg 1 -1 -1 -1
009333.jpg -1 1 -1 -1
006108.jpg -1 -1 1 -1
009467.jpg -1 -1 -1 1
003474.jpg 1 -1 -1 -1
000353.jpg -1 1 -1 -1
003624.jpg -1 -1 1 -1
004007.jpg -1 -1 -1 1
008094.jpg 1 -1 -1 -1
001485.jpg -1 1 -1 -1
008633.jpg -1 -1 1 -1
005440.jpg -1 -1 -1 1
004991.jpg 1 -1 -1 -1
009782.jpg -1 1 -1 -1
001317.jpg -1 -1 1 -1
001548.jpg -1 -1 -1 1
003243.jpg 1 -1 -1 -1
008209.jpg -1 1 -1 -1
005463.jpg -1 -1 1 -1
006862.jpg -1 -1 -1 1
008829.jpg 1 -1 -1 -1
007555.jpg -1 1 -1 -1
003440.jpg -1 -1 1 -1
005423.jpg -1 -1 -1 1
007637.jpg 1 -1 -1 -1
008178.jpg -1 1 -1 -1
004871.jpg -1 -1 1 -1
003582.jpg -1 -1 -1 1
003865.jpg 1 -1 -1 -1
003807.jpg -1 1 -1 -1
003222.jpg -1 -1 1 -1
002668.jpg -1 -1 -1 1
001035.jpg 1 -1 -1 -1
001393.jpg -1 1 -1 -1
002744.jpg -1 -1 1 -1
002231.jpg -1 -1 -1 1
000989.jpg 1 -1 -1 -1
003299.jpg -1 1 -1 -1
006601.jpg -1 -1 1 -1
009680.jpg -1 -1 -1 1
000143.jpg 1 -1 -1 -1
005062.jpg -1 1 -1 -1
008348.jpg -1 -1 1 -1
005051.jpg -1 -1 -1 1
004690.jpg 1 -1 -1 -1
003105.jpg -1 1 -1 -1
003816.jpg -1 -1 1 -1
007262.jpg -1 -1 -1 1
002189.jpg 1 -1 -1 -1
008372.jpg -1 1 -1 -1
006291.jpg -1 -1 1 -1
008682.jpg -1 -1 -1 1
007289.jpg 1 -1 -1 -1
001536.jpg -1 1 -1 -1
004854.jpg -1 -1 1 -1
007019.jpg -1 -1 -1 1
008066.jpg 1 -1 -1 -1
002769.jpg -1 1 -1 -1
002840.jpg -1 -1 1 -1
007191.jpg -1 -1 -1 1
001341.jpg 1 -1 -1 -1
002788.jpg -1 1 -1 -1
007235.jpg -1 -1 1 -1
002842.jpg -1 -1 -1 1
005929.jpg 1 -1 -1 -1
007728.jpg -1 1 -1 -1
003055.jpg -1 -1 1 -1
002598.jpg -1 -1 -1 1
006939.jpg 1 -1 -1 -1
009394.jpg -1 1 -1 -1
000385.jpg -1 -1 1 -1
002750.jpg -1 -1 -1 1
006131.jpg 1 -1 -1 -1
002521.jpg -1 1 -1 -1
009631.jpg -1 -1 1 -1
008517.jpg -1 -1 -1 1
004811.jpg 1 -1 -1 -1
008674.jpg -1 1 -1 -1
003959.jpg -1 -1 1 -1
005614.jpg -1 -1 -1 1
009885.jpg 1 -1 -1 -1
001860.jpg -1 1 -1 -1
002979.jpg -1 -1 1 -1
001402.jpg -1 -1 -1 1
008326.jpg 1 -1 -1 -1
002549.jpg -1 1 -1 -1
000635.jpg -1 -1 1 -1
005906.jpg -1 -1 -1 1
005857.jpg 1 -1 -1 -1
004008.jpg -1 1 -1 -1
007463.jpg -1 -1 1 -1
006430.jpg -1 -1 -1 1
002893.jpg 1 -1 -1 -1
006516.jpg -1 1 -1 -1
005802.jpg -1 -1 1 -1
005945.jpg -1 -1 -1 1
000255.jpg 1 -1 -1 -1
006028.jpg -1 1 -1 -1
001090.jpg -1 -1 1 -1
008919.jpg -1 -1 -1 1
005198.jpg 1 -1 -1 -1
009124.jpg -1 1 -1 -1
006915.jpg -1 -1 1 -1
008154.jpg -1 -1 -1 1
000687.jpg 1 -1 -1 -1
005862.jpg -1 1 -1 -1
000853.jpg -1 -1 1 -1
002523.jpg -1 -1 -1 1
003137.jpg 1 -1 -1 -1
000008.jpg -1 1 -1 -1
008327.jpg -1 -1 1 -1
001918.jpg -1 -1 -1 1
009684.jpg 1 -1 -1 -1
008458.jpg -1 1 -1 -1
001177.jpg -1 -1 1 -1
007968.jpg -1 -1 -1 1
009750.jpg 1 -1 -1 -1
005125.jpg -1 1 -1 -1
007148.jpg -1 -1 1 -1
008587.jpg -1 -1 -1 1
001698.jpg 1 -1 -1 -1
006897.jpg -1 1 -1 -1
003128.jpg -1 -1 1 -1
005687.jpg -1 -1 -1 1
002397.jpg 1 -1 -1 -1
008196.jpg -1 1 -1 -1
002659.jpg -1 -1 1 -1
006714.jpg -1 -1 -1 1
003913.jpg 1 -1 -1 -1
001872.jpg -1 1 -1 -1
007349.jpg -1 -1 1 -1
007122.jpg -1 -1 -1 1
008609.jpg 1 -1 -1 -1
004200.jpg -1 1 -1 -1
000999.jpg -1 -1 1 -1
005598.jpg -1 -1 -1 1
003597.jpg 1 -1 -1 -1
004660.jpg -1 1 -1 -1
005651.jpg -1 -1 1 -1
002922.jpg -1 -1 -1 1
004601.jpg 1 -1 -1 -1
006079.jpg -1 1 -1 -1
007525.jpg -1 -1 1 -1
000076.jpg -1 -1 -1 1
008273.jpg 1 -1 -1 -1
003224.jpg -1 1 -1 -1
002749.jpg -1 -1 1 -1
006595.jpg -1 -1 -1 1
003241.jpg 1 -1 -1 -1
009126.jpg -1 1 -1 -1
005653.jpg -1 -1 1 -1
001660.jpg -1 -1 -1 1
005889.jpg 1 -1 -1 -1
000200.jpg -1 1 -1 -1
001863.jpg -1 -1 1 -1
001086.jpg -1 -1 -1 1
007828.jpg 1 -1 -1 -1
005491.jpg -1 1 -1 -1
005578.jpg -1 -1 1 -1
004064.jpg -1 -1 -1 1
004895.jpg 1 -1 -1 -1
004822.jpg -1 1 -1 -1
001733.jpg -1 -1 1 -1
001196.jpg -1 -1 -1 1
001457.jpg 1 -1 -1 -1
007415.jpg -1 1 -1 -1
003950.jpg -1 -1 1 -1
002339.jpg -1 -1 -1 1
006160.jpg 1 -1 -1 -1
009423.jpg -1 1 -1 -1
008187.jpg -1 -1 1 -1
008338.jpg -1 -1 -1 1
004392.jpg 1 -1 -1 -1
004766.jpg -1 1 -1 -1
004301.jpg -1 -1 1 -1
002804.jpg -1 -1 -1 1
000042.jpg 1 -1 -1 -1
003257.jpg -1 1 -1 -1
006208.jpg -1 -1 1 -1
006454.jpg -1 -1 -1 1
004133.jpg 1 -1 -1 -1
001963.jpg -1 1 -1 -1
003522.jpg -1 -1 1 -1
002833.jpg -1 -1 -1 1
003534.jpg 1 -1 -1 -1
005412.jpg -1 1 -1 -1
006275.jpg -1 -1 1 -1
002394.jpg -1 -1 -1 1
004208.jpg 1 -1 -1 -1
003900.jpg -1 1 -1 -1
008641.jpg -1 -1 1 -1
000392.jpg -1 -1 -1 1
000254.jpg 1 -1 -1 -1
000557.jpg -1 1 -1 -1
005972.jpg -1 -1 1 -1
002698.jpg -1 -1 -1 1
000160.jpg 1 -1 -1 -1
004130.jpg -1 1 -1 -1
003512.jpg -1 -1 1 -1
009143.jpg -1 -1 -1 1
003805.jpg 1 -1 -1 -1
004484.jpg -1 1 -1 -1
002019.jpg -1 -1 1 -1
000954.jpg -1 -1 -1 1
001225.jpg 1 -1 -1 -1
007055.jpg -1 1 -1 -1
001734.jpg -1 -1 1 -1
000565.jpg -1 -1 -1 1
000924.jpg 1 -1 -1 -1
003771.jpg -1 1 -1 -1
009554.jpg -1 -1 1 -1
004584.jpg -1 -1 -1 1
004455.jpg 1 -1 -1 -1
003934.jpg -1 1 -1 -1
005005.jpg -1 -1 1 -1
000948.jpg -1 -1 -1 1
005011.jpg 1 -1 -1 -1
001913.jpg -1 1 -1 -1
002304.jpg -1 -1 1 -1
001343.jpg -1 -1 -1 1
001526.jpg 1 -1 -1 -1
000741.jpg -1 1 -1 -1
004556.jpg -1 -1 1 -1
005739.jpg -1 -1 -1 1
003608.jpg 1 -1 -1 -1
004157.jpg -1 1 -1 -1
005955.jpg -1 -1 1 -1
007706.jpg -1 -1 -1 1
000553.jpg 1 -1 -1 -1
008496.jpg -1 1 -1 -1
009967.jpg -1 -1 1 -1
006140.jpg -1 -1 -1 1
005659.jpg 1 -1 -1 -1
000584.jpg -1 1 -1 -1
005319.jpg -1 -1 1 -1
001261.jpg -1 -1 -1 1
004116.jpg 1 -1 -1 -1
004851.jpg -1 1 -1 -1
000159.jpg -1 -1 1 -1
005676.jpg -1 -1 -1 1
003531.jpg 1 -1 -1 -1
006961.jpg -1 1 -1 -1
002286.jpg -1 -1 1 -1
001699.jpg -1 -1 -1 1
006266.jpg 1 -1 -1 -1
008073.jpg -1 1 -1 -1
004687.jpg -1 -1 1 -1
004998.jpg -1 -1 -1 1
005365.jpg 1 -1 -1 -1
003164.jpg -1 1 -1 -1
000481.jpg -1 -1 1 -1
004776.jpg -1 -1 -1 1
003102.jpg 1 -1 -1 -1
005709.jpg -1 1 -1 -1
000569.jpg -1 -1 1 -1
007167.jpg -1 -1 -1 1
009515.jpg 1 -1 -1 -1
005954.jpg -1 1 -1 -1
008337.jpg -1 -1 1 -1
001870.jpg -1 -1 -1 1
001700.jpg 1 -1 -1 -1
005635.jpg -1 1 -1 -1
007401.jpg -1 -1 1 -1
007599.jpg -1 -1 -1 1
002534.jpg 1 -1 -1 -1
003669.jpg -1 1 -1 -1
008380.jpg -1 -1 1 -1
001243.jpg -1 -1 -1 1
000776.jpg 1 -1 -1 -1
001965.jpg -1 1 -1 -1
002260.jpg -1 -1 1 -1
008736.jpg -1 -1 -1 1
005983.jpg 1 -1 -1 -1
006422.jpg -1 1 -1 -1
007941.jpg -1 -1 1 -1
007307.jpg -1 -1 -1 1
006562.jpg 1 -1 -1 -1
001521.jpg -1 1 -1 -1
003896.jpg -1 -1 1 -1
009646.jpg -1 -1 -1 1
005213.jpg 1 -1 -1 -1
000772.jpg -1 1 -1 -1
001379.jpg -1 -1 1 -1
002640.jpg -1 -1 -1 1
002319.jpg 1 -1 -1 -1
008262.jpg -1 1 -1 -1
005404.jpg -1 -1 1 -1
003233.jpg -1 -1 -1 1
004968.jpg 1 -1 -1 -1
007911.jpg -1 1 -1 -1
002270.jpg -1 -1 1 -1
006413.jpg -1 -1 -1 1
004371.jpg 1 -1 -1 -1
007786.jpg -1 1 -1 -1
008054.jpg -1 -1 1 -1
009036.jpg -1 -1 -1 1
002897.jpg 1 -1 -1 -1
003992.jpg -1 1 -1 -1
001175.jpg -1 -1 1 -1
009230.jpg -1 -1 -1 1
005565.jpg 1 -1 -1 -1
008036.jpg -1 1 -1 -1
005315.jpg -1 -1 1 -1
001946.jpg -1 -1 -1 1
000688.jpg 1 -1 -1 -1
005231.jpg -1 1 -1 -1
005798.jpg -1 -1 1 -1
008469.jpg -1 -1 -1 1
000306.jpg 1 -1 -1 -1
000513.jpg -1 1 -1 -1
000968.jpg -1 -1 1 -1
008775.jpg -1 -1 -1 1
002669.jpg 1 -1 -1 -1
000404.jpg -1 1 -1 -1
004211.jpg -1 -1 1 -1
004832.jpg -1 -1 -1 1
001494.jpg 1 -1 -1 -1
004549.jpg -1 1 -1 -1
000622.jpg -1 -1 1 -1
007108.jpg -1 -1 -1 1
001059.jpg 1 -1 -1 -1
000506.jpg -1 1 -1 -1
005385.jpg -1 -1 1 -1
006928.jpg -1 -1 -1 1
007644.jpg 1 -1 -1 -1
006907.jpg -1 1 -1 -1
005985.jpg -1 -1 1 -1
005160.jpg -1 -1 -1 1
001447.jpg 1 -1 -1 -1
001438.jpg -1 1 -1 -1
007117.jpg -1 -1 1 -1
004906.jpg -1 -1 -1 1
006976.jpg 1 -1 -1 -1
002431.jpg -1 1 -1 -1
003126.jpg -1 -1 1 -1
006949.jpg -1 -1 -1 1
003084.jpg 1 -1 -1 -1
000683.jpg -1 1 -1 -1
008386.jpg -1 -1 1 -1
002903.jpg -1 -1 -1 1
000206.jpg 1 -1 -1 -1
004995.jpg -1 1 -1 -1
007258.jpg -1 -1 1 -1
004713.jpg -1 -1 -1 1
004976.jpg 1 -1 -1 -1
002863.jpg -1 1 -1 -1
009062.jpg -1 -1 1 -1
008795.jpg -1 -1 -1 1
001522.jpg 1 -1 -1 -1
003265.jpg -1 1 -1 -1
001160.jpg -1 -1 1 -1
002311.jpg -1 -1 -1 1
003373.jpg 1 -1 -1 -1
007562.jpg -1 1 -1 -1
009497.jpg -1 -1 1 -1
000928.jpg -1 -1 -1 1
001247.jpg 1 -1 -1 -1
001157.jpg -1 1 -1 -1
004204.jpg -1 -1 1 -1
008994.jpg -1 -1 -1 1
007025.jpg 1 -1 -1 -1
004280.jpg -1 1 -1 -1
007982.jpg -1 -1 1 -1
006621.jpg -1 -1 -1 1
000739.jpg 1 -1 -1 -1
005818.jpg -1 1 -1 -1
003381.jpg -1 -1 1 -1
009884.jpg -1 -1 -1 1
002491.jpg 1 -1 -1 -1
008737.jpg -1 1 -1 -1
005352.jpg -1 -1 1 -1
000606.jpg -1 -1 -1 1
007821.jpg 1 -1 -1 -1
009908.jpg -1 1 -1 -1
003731.jpg -1 -1 1 -1
002026.jpg -1 -1 -1 1
003072.jpg 1 -1 -1 -1
008255.jpg -1 1 -1 -1
003557.jpg -1 -1 1 -1
004459.jpg -1 -1 -1 1
001410.jpg 1 -1 -1 -1
008401.jpg -1 1 -1 -1
004376.jpg -1 -1 1 -1
004631.jpg -1 -1 -1 1
007566.jpg 1 -1 -1 -1
006973.jpg -1 1 -1 -1
004324.jpg -1 -1 1 -1
004675.jpg -1 -1 -1 1
009264.jpg 1 -1 -1 -1
000495.jpg -1 1 -1 -1
001685.jpg -1 -1 1 -1
004379.jpg -1 -1 -1 1
002738.jpg 1 -1 -1 -1
006017.jpg -1 1 -1 -1
001352.jpg -1 -1 1 -1
004077.jpg -1 -1 -1 1
003571.jpg 1 -1 -1 -1
004682.jpg -1 1 -1 -1
008153.jpg -1 -1 1 -1
007071.jpg -1 -1 -1 1
008022.jpg 1 -1 -1 -1
002251.jpg -1 1 -1 -1
002018.jpg -1 -1 1 -1
001585.jpg -1 -1 -1 1
001399.jpg 1 -1 -1 -1
003396.jpg -1 1 -1 -1
000419.jpg -1 -1 1 -1
002697.jpg -1 -1 -1 1
001670.jpg 1 -1 -1 -1
008181.jpg -1 1 -1 -1
005544.jpg -1 -1 1 -1
004903.jpg -1 -1 -1 1
008525.jpg 1 -1 -1 -1
008052.jpg -1 1 -1 -1
009654.jpg -1 -1 1 -1
000165.jpg -1 -1 -1 1
007564.jpg 1 -1 -1 -1
008235.jpg -1 1 -1 -1
002961.jpg -1 -1 1 -1
006359.jpg -1 -1 -1 1
004355.jpg 1 -1 -1 -1
001498.jpg -1 1 -1 -1
002025.jpg -1 -1 1 -1
006485.jpg -1 -1 -1 1
000956.jpg 1 -1 -1 -1
003954.jpg -1 1 -1 -1
008769.jpg -1 -1 1 -1
001544.jpg -1 -1 -1 1
005767.jpg 1 -1 -1 -1
004781.jpg -1 1 -1 -1
001802.jpg -1 -1 1 -1
006809.jpg -1 -1 -1 1
009504.jpg 1 -1 -1 -1
003094.jpg -1 1 -1 -1
008684.jpg -1 -1 1 -1
006027.jpg -1 -1 -1 1
004664.jpg 1 -1 -1 -1
003127.jpg -1 1 -1 -1
006318.jpg -1 -1 1 -1
008029.jpg -1 -1 -1 1
009732.jpg 1 -1 -1 -1
000099.jpg -1 1 -1 -1
000058.jpg -1 -1 1 -1
009545.jpg -1 -1 -1 1
003408.jpg 1 -1 -1 -1
009231.jpg -1 1 -1 -1
004934.jpg -1 -1 1 -1
000466.jpg -1 -1 -1 1
005736.jpg 1 -1 -1 -1
009229.jpg -1 1 -1 -1
006196.jpg -1 -1 1 -1
003091.jpg -1 -1 -1 1
003519.jpg 1 -1 -1 -1
004726.jpg -1 1 -1 -1
001612.jpg -1 -1 1 -1
003842.jpg -1 -1 -1 1
004760.jpg 1 -1 -1 -1
008087.jpg -1 1 -1 -1
005902.jpg -1 -1 1 -1
008381.jpg -1 -1 -1 1
000612.jpg 1 -1 -1 -1
004035.jpg -1 1 -1 -1
006810.jpg -1 -1 1 -1
008873.jpg -1 -1 -1 1
001456.jpg 1 -1 -1 -1
002470.jpg -1 1 -1 -1
003196.jpg -1 -1 1 -1
005170.jpg -1 -1 -1 1
001736.jpg 1 -1 -1 -1
005485.jpg -1 1 -1 -1
009364.jpg -1 -1 1 -1
002931.jpg -1 -1 -1 1
005465.jpg 1 -1 -1 -1
005600.jpg -1 1 -1 -1
002335.jpg -1 -1 1 -1
007365.jpg -1 -1 -1 1
002732.jpg 1 -1 -1 -1
009803.jpg -1 1 -1 -1
004450.jpg -1 -1 1 -1
007089.jpg -1 -1 -1 1
004855.jpg 1 -1 -1 -1
000541.jpg -1 1 -1 -1
005370.jpg -1 -1 1 -1
000009.jpg -1 -1 -1 1
007696.jpg 1 -1 -1 -1
006863.jpg -1 1 -1 -1
008198.jpg -1 -1 1 -1
001397.jpg -1 -1 -1 1
000220.jpg 1 -1 -1 -1
005627.jpg -1 1 -1 -1
001682.jpg -1 -1 1 -1
000609.jpg -1 -1 -1 1
005928.jpg 1 -1 -1 -1
008359.jpg -1 1 -1 -1
009933.jpg -1 -1 1 -1
004340.jpg -1 -1 -1 1
009770.jpg 1 -1 -1 -1
008889.jpg -1 1 -1 -1
007744.jpg -1 -1 1 -1
009343.jpg -1 -1 -1 1
009765.jpg 1 -1 -1 -1
008465.jpg -1 1 -1 -1
009815.jpg -1 -1 1 -1
000893.jpg -1 -1 -1 1
006948.jpg 1 -1 -1 -1
003715.jpg -1 1 -1 -1
005744.jpg -1 -1 1 -1
009775.jpg -1 -1 -1 1
005734.jpg 1 -1 -1 -1
005436.jpg -1 1 -1 -1
007515.jpg -1 -1 1 -1
006386.jpg -1 -1 -1 1
001928.jpg 1 -1 -1 -1
009223.jpg -1 1 -1 -1
009982.jpg -1 -1 1 -1
006189.jpg -1 -1 -1 1
007508.jpg 1 -1 -1 -1
004121.jpg -1 1 -1 -1
001696.jpg -1 -1 1 -1
008159.jpg -1 -1 -1 1
009622.jpg 1 -1 -1 -1
003973.jpg -1 1 -1 -1
001649.jpg -1 -1 1 -1
005048.jpg -1 -1 -1 1
006583.jpg 1 -1 -1 -1
004654.jpg -1 1 -1 -1
009437.jpg -1 -1 1 -1
006020.jpg -1 -1 -1 1
006857.jpg 1 -1 -1 -1
004495.jpg -1 1 -1 -1
006197.jpg -1 -1 1 -1
002460.jpg -1 -1 -1 1
001211.jpg 1 -1 -1 -1
002898.jpg -1 1 -1 -1
003361.jpg -1 -1 1 -1
006120.jpg -1 -1 -1 1
001895.jpg 1 -1 -1 -1
002484.jpg -1 1 -1 -1
002451.jpg -1 -1 1 -1
006890.jpg -1 -1 -1 1
007545.jpg 1 -1 -1 -1
003840.jpg -1 1 -1 -1
006373.jpg -1 -1 1 -1
006092.jpg -1 -1 -1 1
003179.jpg 1 -1 -1 -1
006274.jpg -1 1 -1 -1
003025.jpg -1 -1 1 -1
005144.jpg -1 -1 -1 1
004238.jpg 1 -1 -1 -1
009789.jpg -1 1 -1 -1
003395.jpg -1 -1 1 -1
001050.jpg -1 -1 -1 1
006185.jpg 1 -1 -1 -1
007407.jpg -1 1 -1 -1
008998.jpg -1 -1 1 -1
004501.jpg -1 -1 -1 1
007676.jpg 1 -1 -1 -1
003099.jpg -1 1 -1 -1
007602.jpg -1 -1 1 -1
000641.jpg -1 -1 -1 1
002120.jpg 1 -1 -1 -1
002759.jpg -1 1 -1 -1
009150.jpg -1 -1 1 -1
006893.jpg -1 -1 -1 1
005652.jpg 1 -1 -1 -1
002291.jpg -1 1 -1 -1
009546.jpg -1 -1 1 -1
002777.jpg -1 -1 -1 1
004694.jpg 1 -1 -1 -1
000581.jpg -1 1 -1 -1
007212.jpg -1 -1 1 -1
000971.jpg -1 -1 -1 1
006882.jpg 1 -1 -1 -1
008311.jpg -1 1 -1 -1
001949.jpg -1 -1 1 -1
002127.jpg -1 -1 -1 1
004700.jpg 1 -1 -1 -1
004114.jpg -1 1 -1 -1
006113.jpg -1 -1 1 -1
006312.jpg -1 -1 -1 1
000628.jpg 1 -1 -1 -1
004010.jpg -1 1 -1 -1
006201.jpg -1 -1 1 -1
004607.jpg -1 -1 -1 1
006326.jpg 1 -1 -1 -1
002981.jpg -1 1 -1 -1
000140.jpg -1 -1 1 -1
006955.jpg -1 -1 -1 1
002301.jpg 1 -1 -1 -1
003236.jpg -1 1 -1 -1
003075.jpg -1 -1 1 -1
006362.jpg -1 -1 -1 1
005039.jpg 1 -1 -1 -1
009301.jpg -1 1 -1 -1
009916.jpg -1 -1 1 -1
008818.jpg -1 -1 -1 1
003393.jpg 1 -1 -1 -1
002312.jpg -1 1 -1 -1
008318.jpg -1 -1 1 -1
007597.jpg -1 -1 -1 1
003796.jpg 1 -1 -1 -1
006666.jpg -1 1 -1 -1
001433.jpg -1 -1 1 -1
003423.jpg -1 -1 -1 1
001260.jpg 1 -1 -1 -1
004747.jpg -1 1 -1 -1
007153.jpg -1 -1 1 -1
005432.jpg -1 -1 -1 1
002990.jpg 1 -1 -1 -1
002308.jpg -1 1 -1 -1
004922.jpg -1 -1 1 -1
004169.jpg -1 -1 -1 1
004176.jpg 1 -1 -1 -1
001606.jpg -1 1 -1 -1
006940.jpg -1 -1 1 -1
008763.jpg -1 -1 -1 1
005330.jpg 1 -1 -1 -1
008865.jpg -1 1 -1 -1
006504.jpg -1 -1 1 -1
005351.jpg -1 -1 -1 1
001811.jpg 1 -1 -1 -1
001130.jpg -1 1 -1 -1
004857.jpg -1 -1 1 -1
001398.jpg -1 -1 -1 1
008706.jpg 1 -1 -1 -1
008529.jpg -1 1 -1 -1
005528.jpg -1 -1 1 -1
002574.jpg -1 -1 -1 1
009572.jpg 1 -1 -1 -1
002755.jpg -1 1 -1 -1
003497.jpg -1 -1 1 -1
002224.jpg -1 -1 -1 1
002671.jpg 1 -1 -1 -1
006145.jpg -1 1 -1 -1
002504.jpg -1 -1 1 -1
006215.jpg -1 -1 -1 1
007486.jpg 1 -1 -1 -1
008301.jpg -1 1 -1 -1
001940.jpg -1 -1 1 -1
001651.jpg -1 -1 -1 1
003786.jpg 1 -1 -1 -1
000089.jpg -1 1 -1 -1
006368.jpg -1 -1 1 -1
009247.jpg -1 -1 -1 1
008523.jpg 1 -1 -1 -1
009314.jpg -1 1 -1 -1
001713.jpg -1 -1 1 -1
003357.jpg -1 -1 -1 1
008644.jpg 1 -1 -1 -1
008464.jpg -1 1 -1 -1
004870.jpg -1 -1 1 -1
004213.jpg -1 -1 -1 1
009180.jpg 1 -1 -1 -1
004347.jpg -1 1 -1 -1
006546.jpg -1 -1 1 -1
006696.jpg -1 -1 -1 1
009683.jpg 1 -1 -1 -1
003513.jpg -1 1 -1 -1
008512.jpg -1 -1 1 -1
004620.jpg -1 -1 -1 1
001730.jpg 1 -1 -1 -1
003089.jpg -1 1 -1 -1
000343.jpg -1 -1 1 -1
009934.jpg -1 -1 -1 1
003709.jpg 1 -1 -1 -1
002435.jpg -1 1 -1 -1
000602.jpg -1 -1 1 -1
006512.jpg -1 -1 -1 1
000303.jpg 1 -1 -1 -1
002406.jpg -1 1 -1 -1
002517.jpg -1 -1 1 -1
006235.jpg -1 -1 -1 1
008897.jpg 1 -1 -1 -1
002696.jpg -1 1 -1 -1
006654.jpg -1 -1 1 -1
009005.jpg -1 -1 -1 1
000084.jpg 1 -1 -1 -1
009523.jpg -1 1 -1 -1
000906.jpg -1 -1 1 -1
002464.jpg -1 -1 -1 1
006294.jpg 1 -1 -1 -1
006789.jpg -1 1 -1 -1
005740.jpg -1 -1 1 -1
002338.jpg -1 -1 -1 1
005816.jpg 1 -1 -1 -1
001326.jpg -1 1 -1 -1
001481.jpg -1 -1 1 -1
008134.jpg -1 -1 -1 1
009013.jpg 1 -1 -1 -1
007762.jpg -1 1 -1 -1
006888.jpg -1 -1 1 -1
008807.jpg -1 -1 -1 1
001171.jpg 1 -1 -1 -1
002169.jpg -1 1 -1 -1
004608.jpg -1 -1 1 -1
005695.jpg -1 -1 -1 1
007926.jpg 1 -1 -1 -1
009189.jpg -1 1 -1 -1
001899.jpg -1 -1 1 -1
005912.jpg -1 -1 -1 1
002071.jpg 1 -1 -1 -1
000910.jpg -1 1 -1 -1
005860.jpg -1 -1 1 -1
002115.jpg -1 -1 -1 1
005914.jpg 1 -1 -1 -1
000809.jpg -1 1 -1 -1
005670.jpg -1 -1 1 -1
007317.jpg -1 -1 -1 1
000252.jpg 1 -1 -1 -1
001819.jpg -1 1 -1 -1
002888.jpg -1 -1 1 -1
009671.jpg -1 -1 -1 1
005822.jpg 1 -1 -1 -1
009709.jpg -1 1 -1 -1
001011.jpg -1 -1 1 -1
004511.jpg -1 -1 -1 1
001366.jpg 1 -1 -1 -1
003397.jpg -1 1 -1 -1
007217.jpg -1 -1 1 -1
008686.jpg -1 -1 -1 1
004765.jpg 1 -1 -1 -1
004932.jpg -1 1 -1 -1
004474.jpg -1 -1 1 -1
008329.jpg -1 -1 -1 1
000656.jpg 1 -1 -1 -1
009039.jpg -1 1 -1 -1
008978.jpg -1 -1 1 -1
000737.jpg -1 -1 -1 1
007080.jpg 1 -1 -1 -1
002343.jpg -1 1 -1 -1
009502.jpg -1 -1 1 -1
009588.jpg -1 -1 -1 1
009043.jpg 1 -1 -1 -1
008874.jpg -1 1 -1 -1
000825.jpg -1 -1 1 -1
000704.jpg -1 -1 -1 1
002998.jpg 1 -1 -1 -1
005797.jpg -1 1 -1 -1
009100.jpg -1 -1 1 -1
005675.jpg -1 -1 -1 1
004162.jpg 1 -1 -1 -1
008593.jpg -1 1 -1 -1
003799.jpg -1 -1 1 -1
008270.jpg -1 -1 -1 1
005117.jpg 1 -1 -1 -1
001795.jpg -1 1 -1 -1
007657.jpg -1 -1 1 -1
008934.jpg -1 -1 -1 1
002492.jpg 1 -1 -1 -1
003080.jpg -1 1 -1 -1
003207.jpg -1 -1 1 -1
004990.jpg -1 -1 -1 1
008883.jpg 1 -1 -1 -1
000005.jpg -1 1 -1 -1
003467.jpg -1 -1 1 -1
004770.jpg -1 -1 -1 1
001777.jpg 1 -1 -1 -1
006200.jpg -1 1 -1 -1
000567.jpg -1 -1 1 -1
009786.jpg -1 -1 -1 1
004944.jpg 1 -1 -1 -1
006671.jpg -1 1 -1 -1
002229.jpg -1 -1 1 -1
007483.jpg -1 -1 -1 1
003489.jpg 1 -1 -1 -1
007272.jpg -1 1 -1 -1
008670.jpg -1 -1 1 -1
007732.jpg -1 -1 -1 1
000531.jpg 1 -1 -1 -1
005994.jpg -1 1 -1 -1
000959.jpg -1 -1 1 -1
002405.jpg -1 -1 -1 1
003148.jpg 1 -1 -1 -1
009451.jpg -1 1 -1 -1
003153.jpg -1 -1 1 -1
006296.jpg -1 -1 -1 1
005527.jpg 1 -1 -1 -1
002148.jpg -1 1 -1 -1
001475.jpg -1 -1 1 -1
000154.jpg -1 -1 -1 1
002992.jpg 1 -1 -1 -1
009583.jpg -1 1 -1 -1
000533.jpg -1 -1 1 -1
004732.jpg -1 -1 -1 1
009371.jpg 1 -1 -1 -1
000769.jpg -1 1 -1 -1
003272.jpg -1 -1 1 -1
004158.jpg -1 -1 -1 1
000371.jpg 1 -1 -1 -1
008650.jpg -1 1 -1 -1
007136.jpg -1 -1 1 -1
007894.jpg -1 -1 -1 1
004268.jpg 1 -1 -1 -1
007243.jpg -1 1 -1 -1
002295.jpg -1 -1 1 -1
007022.jpg -1 -1 -1 1
006173.jpg 1 -1 -1 -1
001220.jpg -1 1 -1 -1
005641.jpg -1 -1 1 -1
009232.jpg -1 -1 -1 1
004303.jpg 1 -1 -1 -1
001542.jpg -1 1 -1 -1
007029.jpg -1 -1 1 -1
001756.jpg -1 -1 -1 1
003067.jpg 1 -1 -1 -1
006241.jpg -1 1 -1 -1
007464.jpg -1 -1 1 -1
005799.jpg -1 -1 -1 1
007838.jpg 1 -1 -1 -1
005876.jpg -1 1 -1 -1
008403.jpg -1 -1 1 -1
003114.jpg -1 -1 -1 1
009280.jpg 1 -1 -1 -1
006783.jpg -1 1 -1 -1
009526.jpg -1 -1 1 -1
006594.jpg -1 -1 -1 1
007255.jpg 1 -1 -1 -1
006606.jpg -1 1 -1 -1
006525.jpg -1 -1 1 -1
008484.jpg -1 -1 -1 1
001155.jpg 1 -1 -1 -1
005466.jpg -1 1 -1 -1
004969.jpg -1 -1 1 -1
007280.jpg -1 -1 -1 1
007215.jpg 1 -1 -1 -1
005333.jpg -1 1 -1 -1
006972.jpg -1 -1 1 -1
004955.jpg -1 -1 -1 1
003521.jpg 1 -1 -1 -1
003464.jpg -1 1 -1 -1
006663.jpg -1 -1 1 -1
003326.jpg -1 -1 -1 1
009044.jpg 1 -1 -1 -1
008243.jpg -1 1 -1 -1
005770.jpg -1 -1 1 -1
009753.jpg -1 -1 -1 1
003232.jpg 1 -1 -1 -1
005599.jpg -1 1 -1 -1
002966.jpg -1 -1 1 -1
009605.jpg -1 -1 -1 1
007202.jpg 1 -1 -1 -1
007281.jpg -1 1 -1 -1
006584.jpg -1 -1 1 -1
004023.jpg -1 -1 -1 1
007556.jpg 1 -1 -1 -1
004026.jpg -1 1 -1 -1
001935.jpg -1 -1 1 -1
004806.jpg -1 -1 -1 1
003996.jpg 1 -1 -1 -1
008993.jpg -1 1 -1 -1
007656.jpg -1 -1 1 -1
007006.jpg -1 -1 -1 1
004020.jpg 1 -1 -1 -1
000234.jpg -1 1 -1 -1
005376.jpg -1 -1 1 -1
004598.jpg -1 -1 -1 1
007628.jpg 1 -1 -1 -1
000619.jpg -1 1 -1 -1
008657.jpg -1 -1 1 -1
006680.jpg -1 -1 -1 1
008983.jpg 1 -1 -1 -1
000835.jpg -1 1 -1 -1
004847.jpg -1 -1 1 -1
002342.jpg -1 -1 -1 1
009212.jpg 1 -1 -1 -1
000539.jpg -1 1 -1 -1
000946.jpg -1 -1 1 -1
006273.jpg -1 -1 -1 1
003656.jpg 1 -1 -1 -1
000199.jpg -1 1 -1 -1
002494.jpg -1 -1 1 -1
007188.jpg -1 -1 -1 1
002890.jpg 1 -1 -1 -1
008409.jpg -1 1 -1 -1
006213.jpg -1 -1 1 -1
008748.jpg -1 -1 -1 1
000226.jpg 1 -1 -1 -1
001841.jpg -1 1 -1 -1
005751.jpg -1 -1 1 -1
005358.jpg -1 -1 -1 1
007581.jpg 1 -1 -1 -1
009338.jpg -1 1 -1 -1
002953.jpg -1 -1 1 -1
001424.jpg -1 -1 -1 1
008070.jpg 1 -1 -1 -1
000245.jpg -1 1 -1 -1
006236.jpg -1 -1 1 -1
007848.jpg -1 -1 -1 1
009255.jpg 1 -1 -1 -1
006174.jpg -1 1 -1 -1
000589.jpg -1 -1 1 -1
002164.jpg -1 -1 -1 1
007763.jpg 1 -1 -1 -1
001472.jpg -1 1 -1 -1
002047.jpg -1 -1 1 -1
008613.jpg -1 -1 -1 1
001676.jpg 1 -1 -1 -1
004395.jpg -1 1 -1 -1
009026.jpg -1 -1 1 -1
003217.jpg -1 -1 -1 1
004942.jpg 1 -1 -1 -1
007933.jpg -1 1 -1 -1
004772.jpg -1 -1 1 -1
000515.jpg -1 -1 -1 1
002281.jpg 1 -1 -1 -1
002479.jpg -1 1 -1 -1
005606.jpg -1 -1 1 -1
002162.jpg -1 -1 -1 1
009025.jpg 1 -1 -1 -1
003848.jpg -1 1 -1 -1
001662.jpg -1 -1 1 -1
005332.jpg -1 -1 -1 1
007603.jpg 1 -1 -1 -1
000010.jpg -1 1 -1 -1
007065.jpg -1 -1 1 -1
000863.jpg -1 -1 -1 1
009494.jpg 1 -1 -1 -1
002821.jpg -1 1 -1 -1
002796.jpg -1 -1 1 -1
002187.jpg -1 -1 -1 1
009634.jpg 1 -1 -1 -1
006968.jpg -1 1 -1 -1
007479.jpg -1 -1 1 -1
000093.jpg -1 -1 -1 1
003844.jpg 1 -1 -1 -1
009801.jpg -1 1 -1 -1
005712.jpg -1 -1 1 -1
005045.jpg -1 -1 -1 1
008476.jpg 1 -1 -1 -1
006203.jpg -1 1 -1 -1
008040.jpg -1 -1 1 -1
002791.jpg -1 -1 -1 1
005342.jpg 1 -1 -1 -1
001293.jpg -1 1 -1 -1
000308.jpg -1 -1 1 -1
007871.jpg -1 -1 -1 1
005221.jpg 1 -1 -1 -1
008171.jpg -1 1 -1 -1
002050.jpg -1 -1 1 -1
007064.jpg -1 -1 -1 1
000445.jpg 1 -1 -1 -1
000195.jpg -1 1 -1 -1
005018.jpg -1 -1 1 -1
009129.jpg -1 -1 -1 1
003760.jpg 1 -1 -1 -1
000111.jpg -1 1 -1 -1
008870.jpg -1 -1 1 -1
003349.jpg -1 -1 -1 1
008091.jpg 1 -1 -1 -1
003378.jpg -1 1 -1 -1
004040.jpg -1 -1 1 -1
003655.jpg -1 -1 -1 1
000830.jpg 1 -1 -1 -1
003476.jpg -1 1 -1 -1
005721.jpg -1 -1 1 -1
007904.jpg -1 -1 -1 1
006687.jpg 1 -1 -1 -1
004566.jpg -1 1 -1 -1
005963.jpg -1 -1 1 -1
002658.jpg -1 -1 -1 1
007345.jpg 1 -1 -1 -1
009207.jpg -1 1 -1 -1
003694.jpg -1 -1 1 -1
008989.jpg -1 -1 -1 1
003578.jpg 1 -1 -1 -1
000265.jpg -1 1 -1 -1
009845.jpg -1 -1 1 -1
001787.jpg -1 -1 -1 1
000865.jpg 1 -1 -1 -1
008232.jpg -1 1 -1 -1
004510.jpg -1 -1 1 -1
001997.jpg -1 -1 -1 1
007123.jpg 1 -1 -1 -1
007978.jpg -1 1 -1 -1
009145.jpg -1 -1 1 -1
006198.jpg -1 -1 -1 1
001829.jpg 1 -1 -1 -1
006156.jpg -1 1 -1 -1
008721.jpg -1 -1 1 -1
003278.jpg -1 -1 -1 1
009341.jpg 1 -1 -1 -1
001060.jpg -1 1 -1 -1
008048.jpg -1 -1 1 -1
008149.jpg -1 -1 -1 1
003675.jpg 1 -1 -1 -1
004594.jpg -1 1 -1 -1
004232.jpg -1 -1 1 -1
001620.jpg -1 -1 -1 1
006963.jpg 1 -1 -1 -1
004377.jpg -1 1 -1 -1
004000.jpg -1 -1 1 -1
007276.jpg -1 -1 -1 1
009739.jpg 1 -1 -1 -1
001905.jpg -1 1 -1 -1
007352.jpg -1 -1 1 -1
001501.jpg -1 -1 -1 1
000132.jpg 1 -1 -1 -1
008890.jpg -1 1 -1 -1
007113.jpg -1 -1 1 -1
008847.jpg -1 -1 -1 1
001478.jpg 1 -1 -1 -1
001106.jpg -1 1 -1 -1
003617.jpg -1 -1 1 -1
008424.jpg -1 -1 -1 1
006247.jpg 1 -1 -1 -1
003678.jpg -1 1 -1 -1
002701.jpg -1 -1 1 -1
005098.jpg -1 -1 -1 1
007801.jpg 1 -1 -1 -1
006144.jpg -1 1 -1 -1
003135.jpg -1 -1 1 -1
001270.jpg -1 -1 -1 1
000204.jpg 1 -1 -1 -1
004482.jpg -1 1 -1 -1
003281.jpg -1 -1 1 -1
007448.jpg -1 -1 -1 1
001853.jpg 1 -1 -1 -1
007396.jpg -1 1 -1 -1
006441.jpg -1 -1 1 -1
001788.jpg -1 -1 -1 1
005810.jpg 1 -1 -1 -1
000897.jpg -1 1 -1 -1
004424.jpg -1 -1 1 -1
007111.jpg -1 -1 -1 1
007754.jpg 1 -1 -1 -1
003033.jpg -1 1 -1 -1
000096.jpg -1 -1 1 -1
001951.jpg -1 -1 -1 1
009029.jpg 1 -1 -1 -1
001324.jpg -1 1 -1 -1
005090.jpg -1 -1 1 -1
002030.jpg -1 -1 -1 1
006468.jpg 1 -1 -1 -1
002192.jpg -1 1 -1 -1
006479.jpg -1 -1 1 -1
004742.jpg -1 -1 -1 1
003061.jpg 1 -1 -1 -1
009339.jpg -1 1 -1 -1
002322.jpg -1 -1 1 -1
006369.jpg -1 -1 -1 1
008616.jpg 1 -1 -1 -1
002846.jpg -1 1 -1 -1
003405.jpg -1 -1 1 -1
006483.jpg -1 -1 -1 1
002218.jpg 1 -1 -1 -1
006457.jpg -1 1 -1 -1
002240.jpg -1 -1 1 -1
008959.jpg -1 -1 -1 1
003115.jpg 1 -1 -1 -1
001239.jpg -1 1 -1 -1
001614.jpg -1 -1 1 -1
004570.jpg -1 -1 -1 1
000240.jpg 1 -1 -1 -1
009391.jpg -1 1 -1 -1
002278.jpg -1 -1 1 -1
001365.jpg -1 -1 -1 1
004028.jpg 1 -1 -1 -1
007026.jpg -1 1 -1 -1
003649.jpg -1 -1 1 -1
004616.jpg -1 -1 -1 1
000647.jpg 1 -1 -1 -1
006323.jpg -1 1 -1 -1
004874.jpg -1 -1 1 -1
001689.jpg -1 -1 -1 1
007775.jpg 1 -1 -1 -1
006166.jpg -1 1 -1 -1
005637.jpg -1 -1 1 -1
000907.jpg -1 -1 -1 1
007409.jpg 1 -1 -1 -1
007736.jpg -1 1 -1 -1
009390.jpg -1 -1 1 -1
002909.jpg -1 -1 -1 1
003130.jpg 1 -1 -1 -1
004425.jpg -1 1 -1 -1
006480.jpg -1 -1 1 -1
004111.jpg -1 -1 -1 1
008006.jpg 1 -1 -1 -1
007861.jpg -1 1 -1 -1
001052.jpg -1 -1 1 -1
004923.jpg -1 -1 -1 1
003538.jpg 1 -1 -1 -1
009121.jpg -1 1 -1 -1
008808.jpg -1 -1 1 -1
009703.jpg -1 -1 -1 1
002014.jpg 1 -1 -1 -1
004109.jpg -1 1 -1 -1
009268.jpg -1 -1 1 -1
005113.jpg -1 -1 -1 1
007798.jpg 1 -1 -1 -1
008037.jpg -1 1 -1 -1
004684.jpg -1 -1 1 -1
006891.jpg -1 -1 -1 1
006914.jpg 1 -1 -1 -1
008785.jpg -1 1 -1 -1
007832.jpg -1 -1 1 -1
002967.jpg -1 -1 -1 1
008974.jpg 1 -1 -1 -1
003261.jpg -1 1 -1 -1
003684.jpg -1 -1 1 -1
009882.jpg -1 -1 -1 1
003753.jpg 1 -1 -1 -1
004528.jpg -1 1 -1 -1
007023.jpg -1 -1 1 -1
005542.jpg -1 -1 -1 1
006165.jpg 1 -1 -1 -1
006268.jpg -1 1 -1 -1
006811.jpg -1 -1 1 -1
008242.jpg -1 -1 -1 1
006401.jpg 1 -1 -1 -1
004808.jpg -1 1 -1 -1
000365.jpg -1 -1 1 -1
001994.jpg -1 -1 -1 1
000345.jpg 1 -1 -1 -1
008672.jpg -1 1 -1 -1
001238.jpg -1 -1 1 -1
002245.jpg -1 -1 -1 1
005804.jpg 1 -1 -1 -1
004683.jpg -1 1 -1 -1
007522.jpg -1 -1 1 -1
001969.jpg -1 -1 -1 1
000366.jpg 1 -1 -1 -1
002756.jpg -1 1 -1 -1
008442.jpg -1 -1 1 -1
001743.jpg -1 -1 -1 1
003292.jpg 1 -1 -1 -1
000507.jpg -1 1 -1 -1
004754.jpg -1 -1 1 -1
009000.jpg -1 -1 -1 1
003239.jpg 1 -1 -1 -1
001182.jpg -1 1 -1 -1
004813.jpg -1 -1 1 -1
007412.jpg -1 -1 -1 1
005843.jpg 1 -1 -1 -1
003769.jpg -1 1 -1 -1
004223.jpg -1 -1 1 -1
002870.jpg -1 -1 -1 1
004645.jpg 1 -1 -1 -1
003345.jpg -1 1 -1 -1
004695.jpg -1 -1 1 -1
008816.jpg -1 -1 -1 1
004655.jpg 1 -1 -1 -1
008806.jpg -1 1 -1 -1
008508.jpg -1 -1 1 -1
002395.jpg -1 -1 -1 1
009458.jpg 1 -1 -1 -1
009153.jpg -1 1 -1 -1
005000.jpg -1 -1 1 -1
004103.jpg -1 -1 -1 1
001069.jpg 1 -1 -1 -1
005683.jpg -1 1 -1 -1
004768.jpg -1 -1 1 -1
003039.jpg -1 -1 -1 1
008459.jpg 1 -1 -1 -1
000546.jpg -1 1 -1 -1
008120.jpg -1 -1 1 -1
001463.jpg -1 -1 -1 1
007726.jpg 1 -1 -1 -1
004317.jpg -1 1 -1 -1
009092.jpg -1 -1 1 -1
001737.jpg -1 -1 -1 1
001077.jpg 1 -1 -1 -1
005532.jpg -1 1 -1 -1
005970.jpg -1 -1 1 -1
009192.jpg -1 -1 -1 1
000350.jpg 1 -1 -1 -1
005517.jpg -1 1 -1 -1
005556.jpg -1 -1 1 -1
009962.jpg -1 -1 -1 1
002425.jpg 1 -1 -1 -1
006912.jpg -1 1 -1 -1
001253.jpg -1 -1 1 -1
009164.jpg -1 -1 -1 1
009346.jpg 1 -1 -1 -1
008216.jpg -1 1 -1 -1
006423.jpg -1 -1 1 -1
007310.jpg -1 -1 -1 1
004669.jpg 1 -1 -1 -1
004122.jpg -1 1 -1 -1
001065.jpg -1 -1 1 -1
002287.jpg -1 -1 -1 1
005192.jpg 1 -1 -1 -1
001773.jpg -1 1 -1 -1
008724.jpg -1 -1 1 -1
000864.jpg -1 -1 -1 1
008863.jpg 1 -1 -1 -1
007766.jpg -1 1 -1 -1
009954.jpg -1 -1 1 -1
007473.jpg -1 -1 -1 1
000120.jpg 1 -1 -1 -1
003191.jpg -1 1 -1 -1
002682.jpg -1 -1 1 -1
008585.jpg -1 -1 -1 1
002960.jpg 1 -1 -1 -1
001414.jpg -1 1 -1 -1
005877.jpg -1 -1 1 -1
007772.jpg -1 -1 -1 1
008059.jpg 1 -1 -1 -1
007186.jpg -1 1 -1 -1
000993.jpg -1 -1 1 -1
009384.jpg -1 -1 -1 1
006695.jpg 1 -1 -1 -1
006221.jpg -1 1 -1 -1
003700.jpg -1 -1 1 -1
005203.jpg -1 -1 -1 1
007082.jpg 1 -1 -1 -1
001081.jpg -1 1 -1 -1
003008.jpg -1 -1 1 -1
009398.jpg -1 -1 -1 1
003212.jpg 1 -1 -1 -1
001835.jpg -1 1 -1 -1
002370.jpg -1 -1 1 -1
008849.jpg -1 -1 -1 1
000216.jpg 1 -1 -1 -1
008151.jpg -1 1 -1 -1
006308.jpg -1 -1 1 -1
009434.jpg -1 -1 -1 1
007913.jpg 1 -1 -1 -1
001008.jpg -1 1 -1 -1
004181.jpg -1 -1 1 -1
009947.jpg -1 -1 -1 1
005384.jpg 1 -1 -1 -1
007559.jpg -1 1 -1 -1
002477.jpg -1 -1 1 -1
006868.jpg -1 -1 -1 1
005043.jpg 1 -1 -1 -1
009738.jpg -1 1 -1 -1
002838.jpg -1 -1 1 -1
008453.jpg -1 -1 -1 1
004332.jpg 1 -1 -1 -1
002978.jpg -1 1 -1 -1
002033.jpg -1 -1 1 -1
008504.jpg -1 -1 -1 1
004919.jpg 1 -1 -1 -1
006062.jpg -1 1 -1 -1
005725.jpg -1 -1 1 -1
005380.jpg -1 -1 -1 1
007994.jpg 1 -1 -1 -1
007248.jpg -1 1 -1 -1
004678.jpg -1 -1 1 -1
003643.jpg -1 -1 -1 1
008402.jpg 1 -1 -1 -1
003745.jpg -1 1 -1 -1
009576.jpg -1 -1 1 -1
000231.jpg -1 -1 -1 1
006925.jpg 1 -1 -1 -1
001844.jpg -1 1 -1 -1
004202.jpg -1 -1 1 -1
005311.jpg -1 -1 -1 1
004470.jpg 1 -1 -1 -1
005611.jpg -1 1 -1 -1
003409.jpg -1 -1 1 -1
008600.jpg -1 -1 -1 1
009879.jpg 1 -1 -1 -1
005646.jpg -1 1 -1 -1
006077.jpg -1 -1 1 -1
005296.jpg -1 -1 -1 1
002214.jpg 1 -1 -1 -1
008981.jpg -1 1 -1 -1
005531.jpg -1 -1 1 -1
001025.jpg -1 -1 -1 1
005576.jpg 1 -1 -1 -1
001095.jpg -1 1 -1 -1
003181.jpg -1 -1 1 -1
005012.jpg -1 -1 -1 1
006858.jpg 1 -1 -1 -1
009440.jpg -1 1 -1 -1
004127.jpg -1 -1 1 -1
005061.jpg -1 -1 -1 1
003403.jpg 1 -1 -1 -1
000504.jpg -1 1 -1 -1
006647.jpg -1 -1 1 -1
009763.jpg -1 -1 -1 1
005897.jpg 1 -1 -1 -1
008655.jpg -1 1 -1 -1
007942.jpg -1 -1 1 -1
009618.jpg -1 -1 -1 1
006497.jpg 1 -1 -1 -1
009768.jpg -1 1 -1 -1
007629.jpg -1 -1 1 -1
004563.jpg -1 -1 -1 1
001322.jpg 1 -1 -1 -1
007461.jpg -1 1 -1 -1
007692.jpg -1 -1 1 -1
009387.jpg -1 -1 -1 1
004802.jpg 1 -1 -1 -1
000600.jpg -1 1 -1 -1
002596.jpg -1 -1 1 -1
003674.jpg -1 -1 -1 1
005225.jpg 1 -1 -1 -1
009584.jpg -1 1 -1 -1
005478.jpg -1 -1 1 -1
001084.jpg -1 -1 -1 1
001115.jpg 1 -1 -1 -1
003777.jpg -1 1 -1 -1
005768.jpg -1 -1 1 -1
009726.jpg -1 -1 -1 1
003885.jpg 1 -1 -1 -1
003156.jpg -1 1 -1 -1
004403.jpg -1 -1 1 -1
003978.jpg -1 -1 -1 1
005536.jpg 1 -1 -1 -1
009951.jpg -1 1 -1 -1
009366.jpg -1 -1 1 -1
001669.jpg -1 -1 -1 1
008812.jpg 1 -1 -1 -1
007179.jpg -1 1 -1 -1
005410.jpg -1 -1 1 -1
007537.jpg -1 -1 -1 1
008888.jpg 1 -1 -1 -1
008375.jpg -1 1 -1 -1
004398.jpg -1 -1 1 -1
007133.jpg -1 -1 -1 1
001668.jpg 1 -1 -1 -1
009443.jpg -1 1 -1 -1
002234.jpg -1 -1 1 -1
006287.jpg -1 -1 -1 1
003893.jpg 1 -1 -1 -1
009249.jpg -1 1 -1 -1
009960.jpg -1 -1 1 -1
003687.jpg -1 -1 -1 1
008333.jpg 1 -1 -1 -1
007680.jpg -1 1 -1 -1
000575.jpg -1 -1 1 -1
004069.jpg -1 -1 -1 1
001740.jpg 1 -1 -1 -1
008913.jpg -1 1 -1 -1
008984.jpg -1 -1 1 -1
003982.jpg -1 -1 -1 1
007485.jpg 1 -1 -1 -1
008932.jpg -1 1 -1 -1
008986.jpg -1 -1 1 -1
009199.jpg -1 -1 -1 1
008742.jpg 1 -1 -1 -1
002197.jpg -1 1 -1 -1
003324.jpg -1 -1 1 -1
006529.jpg -1 -1 -1 1
005960.jpg 1 -1 -1 -1
004551.jpg -1 1 -1 -1
008894.jpg -1 -1 1 -1
004589.jpg -1 -1 -1 1
001300.jpg 1 -1 -1 -1
001098.jpg -1 1 -1 -1
008665.jpg -1 -1 1 -1
001632.jpg -1 -1 -1 1
004438.jpg 1 -1 -1 -1
002860.jpg -1 1 -1 -1
002097.jpg -1 -1 1 -1
000888.jpg -1 -1 -1 1
008004.jpg 1 -1 -1 -1
009123.jpg -1 1 -1 -1
007546.jpg -1 -1 1 -1
003209.jpg -1 -1 -1 1
003728.jpg 1 -1 -1 -1
003919.jpg -1 1 -1 -1
008693.jpg -1 -1 1 -1
000348.jpg -1 -1 -1 1
006779.jpg 1 -1 -1 -1
009037.jpg -1 1 -1 -1
003923.jpg -1 -1 1 -1
003776.jpg -1 -1 -1 1
006399.jpg 1 -1 -1 -1
006070.jpg -1 1 -1 -1
000677.jpg -1 -1 1 -1
000555.jpg -1 -1 -1 1
007234.jpg 1 -1 -1 -1
003473.jpg -1 1 -1 -1
000984.jpg -1 -1 1 -1
002537.jpg -1 -1 -1 1
001776.jpg 1 -1 -1 -1
006831.jpg -1 1 -1 -1
006997.jpg -1 -1 1 -1
005564.jpg -1 -1 -1 1
008667.jpg 1 -1 -1 -1
000370.jpg -1 1 -1 -1
009281.jpg -1 -1 1 -1
006152.jpg -1 -1 -1 1
008062.jpg 1 -1 -1 -1
005293.jpg -1 1 -1 -1
003763.jpg -1 -1 1 -1
007321.jpg -1 -1 -1 1
005215.jpg 1 -1 -1 -1
007842.jpg -1 1 -1 -1
009272.jpg -1 -1 1 -1
002734.jpg -1 -1 -1 1
008541.jpg 1 -1 -1 -1
008803.jpg -1 1 -1 -1
008016.jpg -1 -1 1 -1
001551.jpg -1 -1 -1 1
001350.jpg 1 -1 -1 -1
002588.jpg -1 1 -1 -1
002363.jpg -1 -1 1 -1
007143.jpg -1 -1 -1 1
009741.jpg 1 -1 -1 -1
009066.jpg -1 1 -1 -1
001142.jpg -1 -1 1 -1
006220.jpg -1 -1 -1 1
004331.jpg 1 -1 -1 -1
000258.jpg -1 1 -1 -1
009368.jpg -1 -1 1 -1
000407.jpg -1 -1 -1 1
002318.jpg 1 -1 -1 -1
008893.jpg -1 1 -1 -1
005220.jpg -1 -1 1 -1
003226.jpg -1 -1 -1 1
009385.jpg 1 -1 -1 -1
006064.jpg -1 1 -1 -1
004463.jpg -1 -1 1 -1
007804.jpg -1 -1 -1 1
004251.jpg 1 -1 -1 -1
001586.jpg -1 1 -1 -1
006344.jpg -1 -1 1 -1
008007.jpg -1 -1 -1 1
007230.jpg 1 -1 -1 -1
005997.jpg -1 1 -1 -1
005977.jpg -1 -1 1 -1
007877.jpg -1 -1 -1 1
007340.jpg 1 -1 -1 -1
002123.jpg -1 1 -1 -1
000866.jpg -1 -1 1 -1
007601.jpg -1 -1 -1 1
001272.jpg 1 -1 -1 -1
001053.jpg -1 1 -1 -1
004292.jpg -1 -1 1 -1
008483.jpg -1 -1 -1 1
001786.jpg 1 -1 -1 -1
000521.jpg -1 1 -1 -1
004614.jpg -1 -1 1 -1
001909.jpg -1 -1 -1 1
004828.jpg 1 -1 -1 -1
001121.jpg -1 1 -1 -1
000679.jpg -1 -1 1 -1
008948.jpg -1 -1 -1 1
003283.jpg 1 -1 -1 -1
006186.jpg -1 1 -1 -1
009401.jpg -1 -1 1 -1
001663.jpg -1 -1 -1 1
000268.jpg 1 -1 -1 -1
008107.jpg -1 1 -1 -1
009666.jpg -1 -1 1 -1
008977.jpg -1 -1 -1 1
001368.jpg 1 -1 -1 -1
002135.jpg -1 1 -1 -1
009678.jpg -1 -1 1 -1
001405.jpg -1 -1 -1 1
008538.jpg 1 -1 -1 -1
002095.jpg -1 1 -1 -1
002150.jpg -1 -1 1 -1
000213.jpg -1 -1 -1 1
002802.jpg 1 -1 -1 -1
006536.jpg -1 1 -1 -1
001543.jpg -1 -1 1 -1
006398.jpg -1 -1 -1 1
006701.jpg 1 -1 -1 -1
003123.jpg -1 1 -1 -1
008842.jpg -1 -1 1 -1
004633.jpg -1 -1 -1 1
006304.jpg 1 -1 -1 -1
000479.jpg -1 1 -1 -1
006038.jpg -1 -1 1 -1
004485.jpg -1 -1 -1 1
001388.jpg 1 -1 -1 -1
005899.jpg -1 1 -1 -1
002161.jpg -1 -1 1 -1
009656.jpg -1 -1 -1 1
001070.jpg 1 -1 -1 -1
009949.jpg -1 1 -1 -1
008163.jpg -1 -1 1 -1
007098.jpg -1 -1 -1 1
007369.jpg 1 -1 -1 -1
000208.jpg -1 1 -1 -1
007878.jpg -1 -1 1 -1
006709.jpg -1 -1 -1 1
007068.jpg 1 -1 -1 -1
009915.jpg -1 1 -1 -1
003873.jpg -1 -1 1 -1
007092.jpg -1 -1 -1 1
003306.jpg 1 -1 -1 -1
008057.jpg -1 1 -1 -1
008448.jpg -1 -1 1 -1
007487.jpg -1 -1 -1 1
007670.jpg 1 -1 -1 -1
006885.jpg -1 1 -1 -1
002690.jpg -1 -1 1 -1
003537.jpg -1 -1 -1 1
009752.jpg 1 -1 -1 -1
003863.jpg -1 1 -1 -1
000654.jpg -1 -1 1 -1
001508.jpg -1 -1 -1 1
006697.jpg 1 -1 -1 -1
005414.jpg -1 1 -1 -1
005013.jpg -1 -1 1 -1
004018.jpg -1 -1 -1 1
001153.jpg 1 -1 -1 -1
006728.jpg -1 1 -1 -1
005566.jpg -1 -1 1 -1
007405.jpg -1 -1 -1 1
005962.jpg 1 -1 -1 -1
003289.jpg -1 1 -1 -1
002400.jpg -1 -1 1 -1
006303.jpg -1 -1 -1 1
001110.jpg 1 -1 -1 -1
001093.jpg -1 1 -1 -1
009675.jpg -1 -1 1 -1
003298.jpg -1 -1 -1 1
001656.jpg 1 -1 -1 -1
000631.jpg -1 1 -1 -1
008430.jpg -1 -1 1 -1
002461.jpg -1 -1 -1 1
000580.jpg 1 -1 -1 -1
007843.jpg -1 1 -1 -1
004496.jpg -1 -1 1 -1
009308.jpg -1 -1 -1 1
005499.jpg 1 -1 -1 -1
000530.jpg -1 1 -1 -1
006625.jpg -1 -1 1 -1
004135.jpg -1 -1 -1 1
009246.jpg 1 -1 -1 -1
005236.jpg -1 1 -1 -1
002643.jpg -1 -1 1 -1
000426.jpg -1 -1 -1 1
006713.jpg 1 -1 -1 -1
004544.jpg -1 1 -1 -1
002742.jpg -1 -1 1 -1
003493.jpg -1 -1 -1 1
004748.jpg 1 -1 -1 -1
001752.jpg -1 1 -1 -1
005591.jpg -1 -1 1 -1
008014.jpg -1 -1 -1 1
002813.jpg 1 -1 -1 -1
007844.jpg -1 1 -1 -1
002778.jpg -1 -1 1 -1
002544.jpg -1 -1 -1 1
008678.jpg 1 -1 -1 -1
009813.jpg -1 1 -1 -1
007387.jpg -1 -1 1 -1
005234.jpg -1 -1 -1 1
003905.jpg 1 -1 -1 -1
006920.jpg -1 1 -1 -1
004999.jpg -1 -1 1 -1
004734.jpg -1 -1 -1 1
008109.jpg 1 -1 -1 -1
008404.jpg -1 1 -1 -1
002483.jpg -1 -1 1 -1
003082.jpg -1 -1 -1 1
001945.jpg 1 -1 -1 -1
005868.jpg -1 1 -1 -1
007665.jpg -1 -1 1 -1
002359.jpg -1 -1 -1 1
006916.jpg 1 -1 -1 -1
007523.jpg -1 1 -1 -1
001338.jpg -1 -1 1 -1
004681.jpg -1 -1 -1 1
008784.jpg 1 -1 -1 -1
008463.jpg -1 1 -1 -1
001083.jpg -1 -1 1 -1
001746.jpg -1 -1 -1 1
009377.jpg 1 -1 -1 -1
008414.jpg -1 1 -1 -1
003380.jpg -1 -1 1 -1
005369.jpg -1 -1 -1 1
000640.jpg 1 -1 -1 -1
002751.jpg -1 1 -1 -1
000101.jpg -1 -1 1 -1
003051.jpg -1 -1 -1 1
005122.jpg 1 -1 -1 -1
009041.jpg -1 1 -1 -1
007319.jpg -1 -1 1 -1
008090.jpg -1 -1 -1 1
004009.jpg 1 -1 -1 -1
006832.jpg -1 1 -1 -1
000380.jpg -1 -1 1 -1
002971.jpg -1 -1 -1 1
006450.jpg 1 -1 -1 -1
006657.jpg -1 1 -1 -1
007112.jpg -1 -1 1 -1
003902.jpg -1 -1 -1 1
008813.jpg 1 -1 -1 -1
006548.jpg -1 1 -1 -1
000202.jpg -1 -1 1 -1
000601.jpg -1 -1 -1 1
001567.jpg 1 -1 -1 -1
007638.jpg -1 1 -1 -1
000843.jpg -1 -1 1 -1
005730.jpg -1 -1 -1 1
002225.jpg 1 -1 -1 -1
002040.jpg -1 1 -1 -1
004087.jpg -1 -1 1 -1
006766.jpg -1 -1 -1 1
003869.jpg 1 -1 -1 -1
007203.jpg -1 1 -1 -1
006650.jpg -1 -1 1 -1
006095.jpg -1 -1 -1 1
001286.jpg 1 -1 -1 -1
004725.jpg -1 1 -1 -1
002962.jpg -1 -1 1 -1
007591.jpg -1 -1 -1 1
007582.jpg 1 -1 -1 -1
001524.jpg -1 1 -1 -1
002003.jpg -1 -1 1 -1
004025.jpg -1 -1 -1 1
008575.jpg 1 -1 -1 -1
009270.jpg -1 1 -1 -1
009228.jpg -1 -1 1 -1
006827.jpg -1 -1 -1 1
003601.jpg 1 -1 -1 -1
002136.jpg -1 1 -1 -1
009047.jpg -1 -1 1 -1
006350.jpg -1 -1 -1 1
004221.jpg 1 -1 -1 -1
004132.jpg -1 1 -1 -1
009007.jpg -1 -1 1 -1
003029.jpg -1 -1 -1 1
002620.jpg 1 -1 -1 -1
007666.jpg -1 1 -1 -1
009409.jpg -1 -1 1 -1
007304.jpg -1 -1 -1 1
008455.jpg 1 -1 -1 -1
003070.jpg -1 1 -1 -1
009517.jpg -1 -1 1 -1
004692.jpg -1 -1 -1 1
001843.jpg 1 -1 -1 -1
007072.jpg -1 1 -1 -1
007391.jpg -1 -1 1 -1
002710.jpg -1 -1 -1 1
007301.jpg 1 -1 -1 -1
004619.jpg -1 1 -1 -1
005815.jpg -1 -1 1 -1
003204.jpg -1 -1 -1 1
006883.jpg 1 -1 -1 -1
001993.jpg -1 1 -1 -1
000976.jpg -1 -1 1 -1
003727.jpg -1 -1 -1 1
004550.jpg 1 -1 -1 -1
009525.jpg -1 1 -1 -1
008635.jpg -1 -1 1 -1
004178.jpg -1 -1 -1 1
001127.jpg 1 -1 -1 -1
006750.jpg -1 1 -1 -1
009875.jpg -1 -1 1 -1
008170.jpg -1 -1 -1 1
002681.jpg 1 -1 -1 -1
009216.jpg -1 1 -1 -1
004342.jpg -1 -1 1 -1
009701.jpg -1 -1 -1 1
003276.jpg 1 -1 -1 -1
007554.jpg -1 1 -1 -1
002330.jpg -1 -1 1 -1
001321.jpg -1 -1 -1 1
006639.jpg 1 -1 -1 -1
002086.jpg -1 1 -1 -1
007829.jpg -1 -1 1 -1
004860.jpg -1 -1 -1 1
008882.jpg 1 -1 -1 -1
007496.jpg -1 1 -1 -1
001991.jpg -1 -1 1 -1
002238.jpg -1 -1 -1 1
002836.jpg 1 -1 -1 -1
009715.jpg -1 1 -1 -1
003168.jpg -1 -1 1 -1
003909.jpg -1 -1 -1 1
004396.jpg 1 -1 -1 -1
008395.jpg -1 1 -1 -1
008162.jpg -1 -1 1 -1
007729.jpg -1 -1 -1 1
002424.jpg 1 -1 -1 -1
007543.jpg -1 1 -1 -1
005102.jpg -1 -1 1 -1
005277.jpg -1 -1 -1 1
009540.jpg 1 -1 -1 -1
006563.jpg -1 1 -1 -1
000890.jpg -1 -1 1 -1
008841.jpg -1 -1 -1 1
005264.jpg 1 -1 -1 -1
001359.jpg -1 1 -1 -1
007814.jpg -1 -1 1 -1
001884.jpg -1 -1 -1 1
004219.jpg 1 -1 -1 -1
005394.jpg -1 1 -1 -1
001249.jpg -1 -1 1 -1
005918.jpg -1 -1 -1 1
001363.jpg 1 -1 -1 -1
005290.jpg -1 1 -1 -1
001337.jpg -1 -1 1 -1
005312.jpg -1 -1 -1 1
003839.jpg 1 -1 -1 -1
006309.jpg -1 1 -1 -1
000578.jpg -1 -1 1 -1
009105.jpg -1 -1 -1 1
002520.jpg 1 -1 -1 -1
004686.jpg -1 1 -1 -1
005629.jpg -1 -1 1 -1
000420.jpg -1 -1 -1 1
007642.jpg 1 -1 -1 -1
008169.jpg -1 1 -1 -1
003312.jpg -1 -1 1 -1
004271.jpg -1 -1 -1 1
005350.jpg 1 -1 -1 -1
007100.jpg -1 1 -1 -1
006107.jpg -1 -1 1 -1
007688.jpg -1 -1 -1 1
001406.jpg 1 -1 -1 -1
000980.jpg -1 1 -1 -1
001203.jpg -1 -1 1 -1
007946.jpg -1 -1 -1 1
002655.jpg 1 -1 -1 -1
009238.jpg -1 1 -1 -1
000517.jpg -1 -1 1 -1
001186.jpg -1 -1 -1 1
002289.jpg 1 -1 -1 -1
009271.jpg -1 1 -1 -1
006243.jpg -1 -1 1 -1
006202.jpg -1 -1 -1 1
009552.jpg 1 -1 -1 -1
002741.jpg -1 1 -1 -1
004124.jpg -1 -1 1 -1
006610.jpg -1 -1 -1 1
004001.jpg 1 -1 -1 -1
004583.jpg -1 1 -1 -1
005086.jpg -1 -1 1 -1
009235.jpg -1 -1 -1 1
002410.jpg 1 -1 -1 -1
001408.jpg -1 1 -1 -1
009663.jpg -1 -1 1 -1
002917.jpg -1 -1 -1 1
007756.jpg 1 -1 -1 -1
001771.jpg -1 1 -1 -1
009986.jpg -1 -1 1 -1
003665.jpg -1 -1 -1 1
006756.jpg 1 -1 -1 -1
007600.jpg -1 1 -1 -1
001903.jpg -1 -1 1 -1
008614.jpg -1 -1 -1 1
001045.jpg 1 -1 -1 -1
009340.jpg -1 1 -1 -1
001691.jpg -1 -1 1 -1
001281.jpg -1 -1 -1 1
007880.jpg 1 -1 -1 -1
005447.jpg -1 1 -1 -1
000574.jpg -1 -1 1 -1
009075.jpg -1 -1 -1 1
005066.jpg 1 -1 -1 -1
008479.jpg -1 1 -1 -1
004310.jpg -1 -1 1 -1
008876.jpg -1 -1 -1 1
002808.jpg 1 -1 -1 -1
003438.jpg -1 1 -1 -1
006685.jpg -1 -1 1 -1
005828.jpg -1 -1 -1 1
005923.jpg 1 -1 -1 -1
006153.jpg -1 1 -1 -1
007541.jpg -1 -1 1 -1
006364.jpg -1 -1 -1 1
007826.jpg 1 -1 -1 -1
006753.jpg -1 1 -1 -1
004254.jpg -1 -1 1 -1
000723.jpg -1 -1 -1 1
005942.jpg 1 -1 -1 -1
001804.jpg -1 1 -1 -1
005547.jpg -1 -1 1 -1
003010.jpg -1 -1 -1 1
002904.jpg 1 -1 -1 -1
003022.jpg -1 1 -1 -1
007037.jpg -1 -1 1 -1
009859.jpg -1 -1 -1 1
001882.jpg 1 -1 -1 -1
005481.jpg -1 1 -1 -1
005845.jpg -1 -1 1 -1
004033.jpg -1 -1 -1 1
008072.jpg 1 -1 -1 -1
000563.jpg -1 1 -1 -1
002186.jpg -1 -1 1 -1
007840.jpg -1 -1 -1 1
002924.jpg 1 -1 -1 -1
003339.jpg -1 1 -1 -1
003618.jpg -1 -1 1 -1
007793.jpg -1 -1 -1 1
005603.jpg 1 -1 -1 -1
000442.jpg -1 1 -1 -1
001744.jpg -1 -1 1 -1
001222.jpg -1 -1 -1 1
008604.jpg 1 -1 -1 -1
007355.jpg -1 1 -1 -1
009042.jpg -1 -1 1 -1
009505.jpg -1 -1 -1 1
008039.jpg 1 -1 -1 -1
003422.jpg -1 1 -1 -1
000397.jpg -1 -1 1 -1
008628.jpg -1 -1 -1 1
008595.jpg 1 -1 -1 -1
009984.jpg -1 1 -1 -1
004927.jpg -1 -1 1 -1
001014.jpg -1 -1 -1 1
009323.jpg 1 -1 -1 -1
009169.jpg -1 1 -1 -1
001303.jpg -1 -1 1 -1
003044.jpg -1 -1 -1 1
009539.jpg 1 -1 -1 -1
007194.jpg -1 1 -1 -1
009243.jpg -1 -1 1 -1
006785.jpg -1 -1 -1 1
008264.jpg 1 -1 -1 -1
008903.jpg -1 1 -1 -1
008435.jpg -1 -1 1 -1
008921.jpg -1 -1 -1 1
003936.jpg 1 -1 -1 -1
003743.jpg -1 1 -1 -1
006725.jpg -1 -1 1 -1
007115.jpg -1 -1 -1 1
002353.jpg 1 -1 -1 -1
003192.jpg -1 1 -1 -1
001774.jpg -1 -1 1 -1
008093.jpg -1 -1 -1 1
002116.jpg 1 -1 -1 -1
005283.jpg -1 1 -1 -1
005754.jpg -1 -1 1 -1
003465.jpg -1 -1 -1 1
006032.jpg 1 -1 -1 -1
008271.jpg -1 1 -1 -1
004486.jpg -1 -1 1 -1
000757.jpg -1 -1 -1 1
002939.jpg 1 -1 -1 -1
001575.jpg -1 1 -1 -1
002590.jpg -1 -1 1 -1
001101.jpg -1 -1 -1 1
006772.jpg 1 -1 -1 -1
000083.jpg -1 1 -1 -1
006080.jpg -1 -1 1 -1
009125.jpg -1 -1 -1 1
006284.jpg 1 -1 -1 -1
005442.jpg -1 1 -1 -1
003729.jpg -1 -1 1 -1
003288.jpg -1 -1 -1 1
003031.jpg 1 -1 -1 -1
001358.jpg -1 1 -1 -1
008445.jpg -1 -1 1 -1
009380.jpg -1 -1 -1 1
009219.jpg 1 -1 -1 -1
002793.jpg -1 1 -1 -1
004080.jpg -1 -1 1 -1
002022.jpg -1 -1 -1 1
004827.jpg 1 -1 -1 -1
009537.jpg -1 1 -1 -1
008456.jpg -1 -1 1 -1
002439.jpg -1 -1 -1 1
009940.jpg 1 -1 -1 -1
007577.jpg -1 1 -1 -1
000032.jpg -1 -1 1 -1
009567.jpg -1 -1 -1 1
005910.jpg 1 -1 -1 -1
003333.jpg -1 1 -1 -1
007404.jpg -1 -1 1 -1
006050.jpg -1 -1 -1 1
009134.jpg 1 -1 -1 -1
000605.jpg -1 1 -1 -1
008452.jpg -1 -1 1 -1
004963.jpg -1 -1 -1 1
005903.jpg 1 -1 -1 -1
007750.jpg -1 1 -1 -1
005557.jpg -1 -1 1 -1
001758.jpg -1 -1 -1 1
001805.jpg 1 -1 -1 -1
004916.jpg -1 1 -1 -1
007955.jpg -1 -1 1 -1
007274.jpg -1 -1 -1 1
002176.jpg 1 -1 -1 -1
000191.jpg -1 1 -1 -1
007542.jpg -1 -1 1 -1
005733.jpg -1 -1 -1 1
000332.jpg 1 -1 -1 -1
000491.jpg -1 1 -1 -1
004759.jpg -1 -1 1 -1
008718.jpg -1 -1 -1 1
000957.jpg 1 -1 -1 -1
008899.jpg -1 1 -1 -1
001434.jpg -1 -1 1 -1
009641.jpg -1 -1 -1 1
008368.jpg 1 -1 -1 -1
008815.jpg -1 1 -1 -1
005286.jpg -1 -1 1 -1
003861.jpg -1 -1 -1 1
001916.jpg 1 -1 -1 -1
000411.jpg -1 1 -1 -1
008648.jpg -1 -1 1 -1
008084.jpg -1 -1 -1 1
007795.jpg 1 -1 -1 -1
009930.jpg -1 1 -1 -1
006233.jpg -1 -1 1 -1
000982.jpg -1 -1 -1 1
001452.jpg 1 -1 -1 -1
007857.jpg -1 1 -1 -1
003576.jpg -1 -1 1 -1
001527.jpg -1 -1 -1 1
000110.jpg 1 -1 -1 -1
009501.jpg -1 1 -1 -1
004643.jpg -1 -1 1 -1
000777.jpg -1 -1 -1 1
003535.jpg 1 -1 -1 -1
001377.jpg -1 1 -1 -1
005031.jpg -1 -1 1 -1
000926.jpg -1 -1 -1 1
002509.jpg 1 -1 -1 -1
003060.jpg -1 1 -1 -1
004394.jpg -1 -1 1 -1
009657.jpg -1 -1 -1 1
006015.jpg 1 -1 -1 -1
002614.jpg -1 1 -1 -1
002341.jpg -1 -1 1 -1
004267.jpg -1 -1 -1 1
007874.jpg 1 -1 -1 -1
009233.jpg -1 1 -1 -1
003672.jpg -1 -1 1 -1
006487.jpg -1 -1 -1 1
009853.jpg 1 -1 -1 -1
005668.jpg -1 1 -1 -1
008579.jpg -1 -1 1 -1
006746.jpg -1 -1 -1 1
000105.jpg 1 -1 -1 -1
006447.jpg -1 1 -1 -1
008550.jpg -1 -1 1 -1
008661.jpg -1 -1 -1 1
004156.jpg 1 -1 -1 -1
001010.jpg -1 1 -1 -1
008840.jpg -1 -1 1 -1
005895.jpg -1 -1 -1 1
006228.jpg 1 -1 -1 -1
007050.jpg -1 1 -1 -1
004889.jpg -1 -1 1 -1
008608.jpg -1 -1 -1 1
004831.jpg 1 -1 -1 -1
002059.jpg -1 1 -1 -1
008482.jpg -1 -1 1 -1
002417.jpg -1 -1 -1 1
003255.jpg 1 -1 -1 -1
007470.jpg -1 1 -1 -1
002013.jpg -1 -1 1 -1
004740.jpg -1 -1 -1 1
004323.jpg 1 -1 -1 -1
005306.jpg -1 1 -1 -1
007625.jpg -1 -1 1 -1
002512.jpg -1 -1 -1 1
001167.jpg 1 -1 -1 -1
001180.jpg -1 1 -1 -1
006075.jpg -1 -1 1 -1
004129.jpg -1 -1 -1 1
000094.jpg 1 -1 -1 -1
003213.jpg -1 1 -1 -1
001204.jpg -1 -1 1 -1
007315.jpg -1 -1 -1 1
001514.jpg 1 -1 -1 -1
008313.jpg -1 1 -1 -1
004812.jpg -1 -1 1 -1
008043.jpg -1 -1 -1 1
000898.jpg 1 -1 -1 -1
003793.jpg -1 1 -1 -1
008215.jpg -1 -1 1 -1
007054.jpg -1 -1 -1 1
002365.jpg 1 -1 -1 -1
008259.jpg -1 1 -1 -1
006953.jpg -1 -1 1 -1
000560.jpg -1 -1 -1 1
004079.jpg 1 -1 -1 -1
006396.jpg -1 1 -1 -1
007963.jpg -1 -1 1 -1
002226.jpg -1 -1 -1 1
001409.jpg 1 -1 -1 -1
009032.jpg -1 1 -1 -1
004372.jpg -1 -1 1 -1
007155.jpg -1 -1 -1 1
004170.jpg 1 -1 -1 -1
003545.jpg -1 1 -1 -1
004704.jpg -1 -1 1 -1
007510.jpg -1 -1 -1 1
009541.jpg 1 -1 -1 -1
005932.jpg -1 1 -1 -1
005835.jpg -1 -1 1 -1
001506.jpg -1 -1 -1 1
003960.jpg 1 -1 -1 -1
004983.jpg -1 1 -1 -1
004003.jpg -1 -1 1 -1
006800.jpg -1 -1 -1 1
001158.jpg 1 -1 -1 -1
003573.jpg -1 1 -1 -1
003420.jpg -1 -1 1 -1
001659.jpg -1 -1 -1 1
006881.jpg 1 -1 -1 -1
008487.jpg -1 1 -1 -1
003917.jpg -1 -1 1 -1
006969.jpg -1 -1 -1 1
006848.jpg 1 -1 -1 -1
001279.jpg -1 1 -1 -1
009142.jpg -1 -1 1 -1
004056.jpg -1 -1 -1 1
009943.jpg 1 -1 -1 -1
001956.jpg -1 1 -1 -1
007939.jpg -1 -1 1 -1
000986.jpg -1 -1 -1 1
004848.jpg 1 -1 -1 -1
001711.jpg -1 1 -1 -1
001877.jpg -1 -1 1 -1
008636.jpg -1 -1 -1 1
003547.jpg 1 -1 -1 -1
003442.jpg -1 1 -1 -1
004161.jpg -1 -1 1 -1
009224.jpg -1 -1 -1 1
009351.jpg 1 -1 -1 -1
000173.jpg -1 1 -1 -1
002516.jpg -1 -1 1 -1
001290.jpg -1 -1 -1 1
002201.jpg 1 -1 -1 -1
000800.jpg -1 1 -1 -1
000095.jpg -1 -1 1 -1
002582.jpg -1 -1 -1 1
006149.jpg 1 -1 -1 -1
009611.jpg -1 1 -1 -1
007921.jpg -1 -1 1 -1
006711.jpg -1 -1 -1 1
005806.jpg 1 -1 -1 -1
003421.jpg -1 1 -1 -1
001028.jpg -1 -1 1 -1
003683.jpg -1 -1 -1 1
004937.jpg 1 -1 -1 -1
004422.jpg -1 1 -1 -1
008373.jpg -1 -1 1 -1
005660.jpg -1 -1 -1 1
009633.jpg 1 -1 -1 -1
002023.jpg -1 1 -1 -1
004621.jpg -1 -1 1 -1
006675.jpg -1 -1 -1 1
005625.jpg 1 -1 -1 -1
002944.jpg -1 1 -1 -1
007103.jpg -1 -1 1 -1
004214.jpg -1 -1 -1 1
008549.jpg 1 -1 -1 -1
009292.jpg -1 1 -1 -1
003330.jpg -1 -1 1 -1
009297.jpg -1 -1 -1 1
005390.jpg 1 -1 -1 -1
003773.jpg -1 1 -1 -1
008292.jpg -1 -1 1 -1
007619.jpg -1 -1 -1 1
006298.jpg 1 -1 -1 -1
004265.jpg -1 1 -1 -1
009136.jpg -1 -1 1 -1
001958.jpg -1 -1 -1 1
006677.jpg 1 -1 -1 -1
004658.jpg -1 1 -1 -1
006913.jpg -1 -1 1 -1
009416.jpg -1 -1 -1 1
002887.jpg 1 -1 -1 -1
000877.jpg -1 1 -1 -1
000660.jpg -1 -1 1 -1
006515.jpg -1 -1 -1 1
000857.jpg 1 -1 -1 -1
005919.jpg -1 1 -1 -1
002757.jpg -1 -1 1 -1
003938.jpg -1 -1 -1 1
002481.jpg 1 -1 -1 -1
004344.jpg -1 1 -1 -1
008439.jpg -1 -1 1 -1
007364.jpg -1 -1 -1 1
003363.jpg 1 -1 -1 -1
004858.jpg -1 1 -1 -1
007686.jpg -1 -1 1 -1
007900.jpg -1 -1 -1 1
009211.jpg 1 -1 -1 -1
001170.jpg -1 1 -1 -1
005325.jpg -1 -1 1 -1
009258.jpg -1 -1 -1 1
004281.jpg 1 -1 -1 -1
005157.jpg -1 1 -1 -1
003340.jpg -1 -1 1 -1
002987.jpg -1 -1 -1 1
003857.jpg 1 -1 -1 -1
004440.jpg -1 1 -1 -1
007299.jpg -1 -1 1 -1
005222.jpg -1 -1 -1 1
005874.jpg 1 -1 -1 -1
009665.jpg -1 1 -1 -1
009608.jpg -1 -1 1 -1
009470.jpg -1 -1 -1 1
001581.jpg 1 -1 -1 -1
009376.jpg -1 1 -1 -1
009110.jpg -1 -1 1 -1
004460.jpg -1 -1 -1 1
000779.jpg 1 -1 -1 -1
004142.jpg -1 1 -1 -1
004829.jpg -1 -1 1 -1
003043.jpg -1 -1 -1 1
002249.jpg 1 -1 -1 -1
003280.jpg -1 1 -1 -1
008079.jpg -1 -1 1 -1
001589.jpg -1 -1 -1 1
004795.jpg 1 -1 -1 -1
002386.jpg -1 1 -1 -1
005479.jpg -1 -1 1 -1
006029.jpg -1 -1 -1 1
006035.jpg 1 -1 -1 -1
006378.jpg -1 1 -1 -1
002937.jpg -1 -1 1 -1
002367.jpg -1 -1 -1 1
001765.jpg 1 -1 -1 -1
006763.jpg -1 1 -1 -1
005762.jpg -1 -1 1 -1
003726.jpg -1 -1 -1 1
005181.jpg 1 -1 -1 -1
004580.jpg -1 1 -1 -1
006979.jpg -1 -1 1 -1
000538.jpg -1 -1 -1 1
001577.jpg 1 -1 -1 -1
001328.jpg -1 1 -1 -1
008486.jpg -1 -1 1 -1
006683.jpg -1 -1 -1 1
007090.jpg 1 -1 -1 -1
009800.jpg -1 1 -1 -1
006343.jpg -1 -1 1 -1
008638.jpg -1 -1 -1 1
002285.jpg 1 -1 -1 -1
005875.jpg -1 1 -1 -1
009034.jpg -1 -1 1 -1
005472.jpg -1 -1 -1 1
001183.jpg 1 -1 -1 -1
004182.jpg -1 1 -1 -1
004555.jpg -1 -1 1 -1
006370.jpg -1 -1 -1 1
007985.jpg 1 -1 -1 -1
004728.jpg -1 1 -1 -1
003652.jpg -1 -1 1 -1
002723.jpg -1 -1 -1 1
009097.jpg 1 -1 -1 -1
007568.jpg -1 1 -1 -1
005711.jpg -1 -1 1 -1
006389.jpg -1 -1 -1 1
000379.jpg 1 -1 -1 -1
003602.jpg -1 1 -1 -1
001505.jpg -1 -1 1 -1
006733.jpg -1 -1 -1 1
008308.jpg 1 -1 -1 -1
003498.jpg -1 1 -1 -1
001593.jpg -1 -1 1 -1
007616.jpg -1 -1 -1 1
008191.jpg 1 -1 -1 -1
005814.jpg -1 1 -1 -1
007820.jpg -1 -1 1 -1
009361.jpg -1 -1 -1 1
004824.jpg 1 -1 -1 -1
000471.jpg -1 1 -1 -1
006659.jpg -1 -1 1 -1
005850.jpg -1 -1 -1 1
008425.jpg 1 -1 -1 -1
005616.jpg -1 1 -1 -1
008623.jpg -1 -1 1 -1
004693.jpg -1 -1 -1 1
001212.jpg 1 -1 -1 -1
002267.jpg -1 1 -1 -1
008306.jpg -1 -1 1 -1
009992.jpg -1 -1 -1 1
007806.jpg 1 -1 -1 -1
002989.jpg -1 1 -1 -1
006154.jpg -1 -1 1 -1
001568.jpg -1 -1 -1 1
007007.jpg 1 -1 -1 -1
008965.jpg -1 1 -1 -1
008940.jpg -1 -1 1 -1
008331.jpg -1 -1 -1 1
002545.jpg 1 -1 -1 -1
002478.jpg -1 1 -1 -1
006237.jpg -1 -1 1 -1
009988.jpg -1 -1 -1 1
002403.jpg 1 -1 -1 -1
004410.jpg -1 1 -1 -1
003343.jpg -1 -1 1 -1
001094.jpg -1 -1 -1 1
004818.jpg 1 -1 -1 -1
004257.jpg -1 1 -1 -1
008935.jpg -1 -1 1 -1
007437.jpg -1 -1 -1 1
006452.jpg 1 -1 -1 -1
005395.jpg -1 1 -1 -1
000618.jpg -1 -1 1 -1
000249.jpg -1 -1 -1 1
003712.jpg 1 -1 -1 -1
000886.jpg -1 1 -1 -1
001868.jpg -1 -1 1 -1
008194.jpg -1 -1 -1 1
003921.jpg 1 -1 -1 -1
002199.jpg -1 1 -1 -1
002062.jpg -1 -1 1 -1
006589.jpg -1 -1 -1 1
000868.jpg 1 -1 -1 -1
006339.jpg -1 1 -1 -1
009904.jpg -1 -1 1 -1
006255.jpg -1 -1 -1 1
009493.jpg 1 -1 -1 -1
003452.jpg -1 1 -1 -1
009522.jpg -1 -1 1 -1
001537.jpg -1 -1 -1 1
009799.jpg 1 -1 -1 -1
006974.jpg -1 1 -1 -1
003693.jpg -1 -1 1 -1
009620.jpg -1 -1 -1 1
005235.jpg 1 -1 -1 -1
003274.jpg -1 1 -1 -1
005573.jpg -1 -1 1 -1
002988.jpg -1 -1 -1 1
008802.jpg 1 -1 -1 -1
005112.jpg -1 1 -1 -1
009838.jpg -1 -1 1 -1
002083.jpg -1 -1 -1 1
009722.jpg 1 -1 -1 -1
006409.jpg -1 1 -1 -1
000975.jpg -1 -1 1 -1
004358.jpg -1 -1 -1 1
000476.jpg 1 -1 -1 -1
007931.jpg -1 1 -1 -1
006034.jpg -1 -1 1 -1
007009.jpg -1 -1 -1 1
002471.jpg 1 -1 -1 -1
008141.jpg -1 1 -1 -1
004596.jpg -1 -1 1 -1
003455.jpg -1 -1 -1 1
007973.jpg 1 -1 -1 -1
001707.jpg -1 1 -1 -1
001218.jpg -1 -1 1 -1
005208.jpg -1 -1 -1 1
003927.jpg 1 -1 -1 -1
009422.jpg -1 1 -1 -1
007204.jpg -1 -1 1 -1
006019.jpg -1 -1 -1 1
000090.jpg 1 -1 -1 -1
005737.jpg -1 1 -1 -1
003887.jpg -1 -1 1 -1
001894.jpg -1 -1 -1 1
005692.jpg 1 -1 -1 -1
009819.jpg -1 1 -1 -1
004289.jpg -1 -1 1 -1
003335.jpg -1 -1 -1 1
006142.jpg 1 -1 -1 -1
004397.jpg -1 1 -1 -1
007764.jpg -1 -1 1 -1
000394.jpg -1 -1 -1 1
002271.jpg 1 -1 -1 -1
005782.jpg -1 1 -1 -1
002181.jpg -1 -1 1 -1
001826.jpg -1 -1 -1 1
008049.jpg 1 -1 -1 -1
000695.jpg -1 1 -1 -1
000814.jpg -1 -1 1 -1
007645.jpg -1 -1 -1 1
006276.jpg 1 -1 -1 -1
001763.jpg -1 1 -1 -1
004048.jpg -1 -1 1 -1
007622.jpg -1 -1 -1 1
004405.jpg 1 -1 -1 -1
002716.jpg -1 1 -1 -1
003515.jpg -1 -1 1 -1
007250.jpg -1 -1 -1 1
009761.jpg 1 -1 -1 -1
009822.jpg -1 1 -1 -1
008845.jpg -1 -1 1 -1
002740.jpg -1 -1 -1 1
004755.jpg 1 -1 -1 -1
009279.jpg -1 1 -1 -1
007414.jpg -1 -1 1 -1
004581.jpg -1 -1 -1 1
006348.jpg 1 -1 -1 -1
005483.jpg -1 1 -1 -1
009425.jpg -1 -1 1 -1
005655.jpg -1 -1 -1 1
000398.jpg 1 -1 -1 -1
007997.jpg -1 1 -1 -1
005699.jpg -1 -1 1 -1
005402.jpg -1 -1 -1 1
002096.jpg 1 -1 -1 -1
001519.jpg -1 1 -1 -1
005158.jpg -1 -1 1 -1
002709.jpg -1 -1 -1 1
007932.jpg 1 -1 -1 -1
005403.jpg -1 1 -1 -1
007041.jpg -1 -1 1 -1
005310.jpg -1 -1 -1 1
005101.jpg 1 -1 -1 -1
005908.jpg -1 1 -1 -1
004595.jpg -1 -1 1 -1
009177.jpg -1 -1 -1 1
006240.jpg 1 -1 -1 -1
008095.jpg -1 1 -1 -1
000854.jpg -1 -1 1 -1
007468.jpg -1 -1 -1 1
003275.jpg 1 -1 -1 -1
002609.jpg -1 1 -1 -1
005496.jpg -1 -1 1 -1
002423.jpg -1 -1 -1 1
008174.jpg 1 -1 -1 -1
000157.jpg -1 1 -1 -1
001443.jpg -1 -1 1 -1
003962.jpg -1 -1 -1 1
003721.jpg 1 -1 -1 -1
008336.jpg -1 1 -1 -1
009205.jpg -1 -1 1 -1
004956.jpg -1 -1 -1 1
008466.jpg 1 -1 -1 -1
005927.jpg -1 1 -1 -1
008990.jpg -1 -1 1 -1
009549.jpg -1 -1 -1 1
000884.jpg 1 -1 -1 -1
008362.jpg -1 1 -1 -1
008384.jpg -1 -1 1 -1
002486.jpg -1 -1 -1 1
001189.jpg 1 -1 -1 -1
000396.jpg -1 1 -1 -1
009259.jpg -1 -1 1 -1
003650.jpg -1 -1 -1 1
003985.jpg 1 -1 -1 -1
005592.jpg -1 1 -1 -1
007383.jpg -1 -1 1 -1
007758.jpg -1 -1 -1 1
000509.jpg 1 -1 -1 -1
003492.jpg -1 1 -1 -1
005379.jpg -1 -1 1 -1
003049.jpg -1 -1 -1 1
006384.jpg 1 -1 -1 -1
008422.jpg -1 1 -1 -1
007509.jpg -1 -1 1 -1
000987.jpg -1 -1 -1 1
009793.jpg 1 -1 -1 -1
006791.jpg -1 1 -1 -1
004478.jpg -1 -1 1 -1
005805.jpg -1 -1 -1 1
004052.jpg 1 -1 -1 -1
007833.jpg -1 1 -1 -1
002336.jpg -1 -1 1 -1
001516.jpg -1 -1 -1 1
007051.jpg 1 -1 -1 -1
004258.jpg -1 1 -1 -1
004151.jpg -1 -1 1 -1
009053.jpg -1 -1 -1 1
002564.jpg 1 -1 -1 -1
001123.jpg -1 1 -1 -1
009274.jpg -1 -1 1 -1
007196.jpg -1 -1 -1 1
009682.jpg 1 -1 -1 -1
008158.jpg -1 1 -1 -1
004115.jpg -1 -1 1 -1
005482.jpg -1 -1 -1 1
004480.jpg 1 -1 -1 -1
004543.jpg -1 1 -1 -1
009111.jpg -1 -1 1 -1
009405.jpg -1 -1 -1 1
009828.jpg 1 -1 -1 -1
005059.jpg -1 1 -1 -1
009897.jpg -1 -1 1 -1
000327.jpg -1 -1 -1 1
003646.jpg 1 -1 -1 -1
006509.jpg -1 1 -1 -1
002196.jpg -1 -1 1 -1
003955.jpg -1 -1 -1 1
008138.jpg 1 -1 -1 -1
006489.jpg -1 1 -1 -1
003359.jpg -1 -1 1 -1
007382.jpg -1 -1 -1 1
008389.jpg 1 -1 -1 -1
008113.jpg -1 1 -1 -1
005880.jpg -1 -1 1 -1
005879.jpg -1 -1 -1 1
006510.jpg 1 -1 -1 -1
001565.jpg -1 1 -1 -1
008900.jpg -1 -1 1 -1
000803.jpg -1 -1 -1 1
001033.jpg 1 -1 -1 -1
000528.jpg -1 1 -1 -1
007887.jpg -1 -1 1 -1
001030.jpg -1 -1 -1 1
002421.jpg 1 -1 -1 -1
009436.jpg -1 1 -1 -1
006651.jpg -1 -1 1 -1
001633.jpg -1 -1 -1 1
009383.jpg 1 -1 -1 -1
007326.jpg -1 1 -1 -1
002602.jpg -1 -1 1 -1
009913.jpg -1 -1 -1 1
000576.jpg 1 -1 -1 -1
009014.jpg -1 1 -1 -1
004876.jpg -1 -1 1 -1
000427.jpg -1 -1 -1 1
006082.jpg 1 -1 -1 -1
009489.jpg -1 1 -1 -1
005976.jpg -1 -1 1 -1
006094.jpg -1 -1 -1 1
001917.jpg 1 -1 -1 -1
004739.jpg -1 1 -1 -1
004954.jpg -1 -1 1 -1
000361.jpg -1 -1 -1 1
000725.jpg 1 -1 -1 -1
008539.jpg -1 1 -1 -1
002814.jpg -1 -1 1 -1
007213.jpg -1 -1 -1 1
000340.jpg 1 -1 -1 -1
005258.jpg -1 1 -1 -1
005145.jpg -1 -1 1 -1
009183.jpg -1 -1 -1 1
002454.jpg 1 -1 -1 -1
004997.jpg -1 1 -1 -1
005996.jpg -1 -1 1 -1
006690.jpg -1 -1 -1 1
002673.jpg 1 -1 -1 -1
007607.jpg -1 1 -1 -1
000483.jpg -1 -1 1 -1
003514.jpg -1 -1 -1 1
007881.jpg 1 -1 -1 -1
004816.jpg -1 1 -1 -1
005519.jpg -1 -1 1 -1
004294.jpg -1 -1 -1 1
007221.jpg 1 -1 -1 -1
002235.jpg -1 1 -1 -1
004385.jpg -1 -1 1 -1
002919.jpg -1 -1 -1 1
006494.jpg 1 -1 -1 -1
003475.jpg -1 1 -1 -1
008569.jpg -1 -1 1 -1
004086.jpg -1 -1 -1 1
007397.jpg 1 -1 -1 -1
004203.jpg -1 1 -1 -1
004049.jpg -1 -1 1 -1
006116.jpg -1 -1 -1 1
004419.jpg 1 -1 -1 -1
007209.jpg -1 1 -1 -1
002864.jpg -1 -1 1 -1
008431.jpg -1 -1 -1 1
001830.jpg 1 -1 -1 -1
005525.jpg -1 1 -1 -1
000508.jpg -1 -1 1 -1
004123.jpg -1 -1 -1 1
000434.jpg 1 -1 -1 -1
001665.jpg -1 1 -1 -1
003783.jpg -1 -1 1 -1
001982.jpg -1 -1 -1 1
007917.jpg 1 -1 -1 -1
003315.jpg -1 1 -1 -1
002378.jpg -1 -1 1 -1
003801.jpg -1 -1 -1 1
007008.jpg 1 -1 -1 -1
001605.jpg -1 1 -1 -1
000044.jpg -1 -1 1 -1
001995.jpg -1 -1 -1 1
006264.jpg 1 -1 -1 -1
009335.jpg -1 1 -1 -1
004846.jpg -1 -1 1 -1
002973.jpg -1 -1 -1 1
005188.jpg 1 -1 -1 -1
000163.jpg -1 1 -1 -1
008826.jpg -1 -1 1 -1
009104.jpg -1 -1 -1 1
003151.jpg 1 -1 -1 -1
007558.jpg -1 1 -1 -1
007137.jpg -1 -1 1 -1
005662.jpg -1 -1 -1 1
009844.jpg 1 -1 -1 -1
007225.jpg -1 1 -1 -1
009152.jpg -1 -1 1 -1
005631.jpg -1 -1 -1 1
004005.jpg 1 -1 -1 -1
009356.jpg -1 1 -1 -1
007979.jpg -1 -1 1 -1
008514.jpg -1 -1 -1 1
006360.jpg 1 -1 -1 -1
004430.jpg -1 1 -1 -1
003325.jpg -1 -1 1 -1
004099.jpg -1 -1 -1 1
007152.jpg 1 -1 -1 -1
006063.jpg -1 1 -1 -1
005094.jpg -1 -1 1 -1
002748.jpg -1 -1 -1 1
001650.jpg 1 -1 -1 -1
004417.jpg -1 1 -1 -1
001150.jpg -1 -1 1 -1
008621.jpg -1 -1 -1 1
002457.jpg 1 -1 -1 -1
003104.jpg -1 1 -1 -1
004447.jpg -1 -1 1 -1
008982.jpg -1 -1 -1 1
005771.jpg 1 -1 -1 -1
009122.jpg -1 1 -1 -1
008177.jpg -1 -1 1 -1
005193.jpg -1 -1 -1 1
000783.jpg 1 -1 -1 -1
000437.jpg -1 1 -1 -1
009787.jpg -1 -1 1 -1
009889.jpg -1 -1 -1 1
006375.jpg 1 -1 -1 -1
004830.jpg -1 1 -1 -1
007988.jpg -1 -1 1 -1
002835.jpg -1 -1 -1 1
005881.jpg 1 -1 -1 -1
005248.jpg -1 1 -1 -1
000613.jpg -1 -1 1 -1
003404.jpg -1 -1 -1 1
001538.jpg 1 -1 -1 -1
009553.jpg -1 1 -1 -1
002404.jpg -1 -1 1 -1
003779.jpg -1 -1 -1 1
004506.jpg 1 -1 -1 -1
004521.jpg -1 1 -1 -1
003695.jpg -1 -1 1 -1
008358.jpg -1 -1 -1 1
004988.jpg 1 -1 -1 -1
002866.jpg -1 1 -1 -1
007169.jpg -1 -1 1 -1
007239.jpg -1 -1 -1 1
000318.jpg 1 -1 -1 -1
009325.jpg -1 1 -1 -1
002675.jpg -1 -1 1 -1
001113.jpg -1 -1 -1 1
004054.jpg 1 -1 -1 -1
004524.jpg -1 1 -1 -1
009547.jpg -1 -1 1 -1
002146.jpg -1 -1 -1 1
002737.jpg 1 -1 -1 -1
006648.jpg -1 1 -1 -1
003182.jpg -1 -1 1 -1
004381.jpg -1 -1 -1 1
001476.jpg 1 -1 -1 -1
003066.jpg -1 1 -1 -1
001296.jpg -1 -1 1 -1
005237.jpg -1 -1 -1 1
002012.jpg 1 -1 -1 -1
005371.jpg -1 1 -1 -1
003998.jpg -1 -1 1 -1
006132.jpg -1 -1 -1 1
007466.jpg 1 -1 -1 -1
004537.jpg -1 1 -1 -1
001344.jpg -1 -1 1 -1
000895.jpg -1 -1 -1 1
005686.jpg 1 -1 -1 -1
004113.jpg -1 1 -1 -1
006744.jpg -1 -1 1 -1
001367.jpg -1 -1 -1 1
002766.jpg 1 -1 -1 -1
004733.jpg -1 1 -1 -1
008740.jpg -1 -1 1 -1
003459.jpg -1 -1 -1 1
009818.jpg 1 -1 -1 -1
001327.jpg -1 1 -1 -1
003541.jpg -1 -1 1 -1
007228.jpg -1 -1 -1 1
007259.jpg 1 -1 -1 -1
004082.jpg -1 1 -1 -1
009921.jpg -1 -1 1 -1
000775.jpg -1 -1 -1 1
009300.jpg 1 -1 -1 -1
007813.jpg -1 1 -1 -1
007812.jpg -1 -1 1 -1
008378.jpg -1 -1 -1 1
002505.jpg 1 -1 -1 -1
005584.jpg -1 1 -1 -1
000966.jpg -1 -1 1 -1
004252.jpg -1 -1 -1 1
000955.jpg 1 -1 -1 -1
000594.jpg -1 1 -1 -1
009831.jpg -1 -1 1 -1
003166.jpg -1 -1 -1 1
004276.jpg 1 -1 -1 -1
002195.jpg -1 1 -1 -1
004586.jpg -1 -1 1 -1
003193.jpg -1 -1 -1 1
006719.jpg 1 -1 -1 -1
000758.jpg -1 1 -1 -1
007884.jpg -1 -1 1 -1
002923.jpg -1 -1 -1 1
003970.jpg 1 -1 -1 -1
003095.jpg -1 1 -1 -1
003139.jpg -1 -1 1 -1
001833.jpg -1 -1 -1 1
003632.jpg 1 -1 -1 -1
008341.jpg -1 1 -1 -1
009468.jpg -1 -1 1 -1
002843.jpg -1 -1 -1 1
005298.jpg 1 -1 -1 -1
007444.jpg -1 1 -1 -1
002035.jpg -1 -1 1 -1
007242.jpg -1 -1 -1 1
007776.jpg 1 -1 -1 -1
005535.jpg -1 1 -1 -1
004421.jpg -1 -1 1 -1
009004.jpg -1 -1 -1 1
000715.jpg 1 -1 -1 -1
004578.jpg -1 1 -1 -1
008241.jpg -1 -1 1 -1
007032.jpg -1 -1 -1 1
001518.jpg 1 -1 -1 -1
005789.jpg -1 1 -1 -1
009353.jpg -1 -1 1 -1
009872.jpg -1 -1 -1 1
004230.jpg 1 -1 -1 -1
006492.jpg -1 1 -1 -1
001810.jpg -1 -1 1 -1
001761.jpg -1 -1 -1 1
003367.jpg 1 -1 -1 -1
002334.jpg -1 1 -1 -1
002420.jpg -1 -1 1 -1
001706.jpg -1 -1 -1 1
001849.jpg 1 -1 -1 -1
009920.jpg -1 1 -1 -1
006821.jpg -1 -1 1 -1
001932.jpg -1 -1 -1 1
006699.jpg 1 -1 -1 -1
009617.jpg -1 1 -1 -1
007128.jpg -1 -1 1 -1
004823.jpg -1 -1 -1 1
001102.jpg 1 -1 -1 -1
006141.jpg -1 1 -1 -1
005028.jpg -1 -1 1 -1
002819.jpg -1 -1 -1 1
004058.jpg 1 -1 -1 -1
008681.jpg -1 1 -1 -1
007920.jpg -1 -1 1 -1
001766.jpg -1 -1 -1 1
006514.jpg 1 -1 -1 -1
004231.jpg -1 1 -1 -1
005588.jpg -1 -1 1 -1
009907.jpg -1 -1 -1 1
004362.jpg 1 -1 -1 -1
003872.jpg -1 1 -1 -1
005654.jpg -1 -1 1 -1
001029.jpg -1 -1 -1 1
003052.jpg 1 -1 -1 -1
004491.jpg -1 1 -1 -1
002801.jpg -1 -1 1 -1
001591.jpg -1 -1 -1 1
008878.jpg 1 -1 -1 -1
004100.jpg -1 1 -1 -1
002618.jpg -1 -1 1 -1
007695.jpg -1 -1 -1 1
007494.jpg 1 -1 -1 -1
003253.jpg -1 1 -1 -1
008732.jpg -1 -1 1 -1
008507.jpg -1 -1 -1 1
003026.jpg 1 -1 -1 -1
004513.jpg -1 1 -1 -1
000104.jpg -1 -1 1 -1
001502.jpg -1 -1 -1 1
000564.jpg 1 -1 -1 -1
001555.jpg -1 1 -1 -1
000505.jpg -1 -1 1 -1
006016.jpg -1 -1 -1 1
001983.jpg 1 -1 -1 -1
007286.jpg -1 1 -1 -1
003429.jpg -1 -1 1 -1
006402.jpg -1 -1 -1 1
004177.jpg 1 -1 -1 -1
006551.jpg -1 1 -1 -1
008462.jpg -1 -1 1 -1
002499.jpg -1 -1 -1 1
009370.jpg 1 -1 -1 -1
005030.jpg -1 1 -1 -1
001557.jpg -1 -1 1 -1
007730.jpg -1 -1 -1 1
001793.jpg 1 -1 -1 -1
003732.jpg -1 1 -1 -1
001395.jpg -1 -1 1 -1
001482.jpg -1 -1 -1 1
000799.jpg 1 -1 -1 -1
000726.jpg -1 1 -1 -1
008267.jpg -1 -1 1 -1
007010.jpg -1 -1 -1 1
007416.jpg 1 -1 -1 -1
003319.jpg -1 1 -1 -1
007197.jpg -1 -1 1 -1
007930.jpg -1 -1 -1 1
006665.jpg 1 -1 -1 -1
002064.jpg -1 1 -1 -1
005327.jpg -1 -1 1 -1
008053.jpg -1 -1 -1 1
004091.jpg 1 -1 -1 -1
004242.jpg -1 1 -1 -1
007265.jpg -1 -1 1 -1
000296.jpg -1 -1 -1 1
006823.jpg 1 -1 -1 -1
000670.jpg -1 1 -1 -1
000205.jpg -1 -1 1 -1
009427.jpg -1 -1 -1 1
002112.jpg 1 -1 -1 -1
007807.jpg -1 1 -1 -1
002358.jpg -1 -1 1 -1
000037.jpg -1 -1 -1 1
006412.jpg 1 -1 -1 -1
007512.jpg -1 1 -1 -1
008279.jpg -1 -1 1 -1
007549.jpg -1 -1 -1 1
001316.jpg 1 -1 -1 -1
002179.jpg -1 1 -1 -1
005993.jpg -1 -1 1 -1
000112.jpg -1 -1 -1 1
008239.jpg 1 -1 -1 -1
008294.jpg -1 1 -1 -1
006357.jpg -1 -1 1 -1
005979.jpg -1 -1 -1 1
008946.jpg 1 -1 -1 -1
004545.jpg -1 1 -1 -1
007687.jpg -1 -1 1 -1
001876.jpg -1 -1 -1 1
009267.jpg 1 -1 -1 -1
006623.jpg -1 1 -1 -1
007532.jpg -1 -1 1 -1
000034.jpg -1 -1 -1 1
008305.jpg 1 -1 -1 -1
005047.jpg -1 1 -1 -1
007214.jpg -1 -1 1 -1
000388.jpg -1 -1 -1 1
006352.jpg 1 -1 -1 -1
002959.jpg -1 1 -1 -1
005458.jpg -1 -1 1 -1
000488.jpg -1 -1 -1 1
000359.jpg 1 -1 -1 -1
000909.jpg -1 1 -1 -1
000915.jpg -1 -1 1 -1
009450.jpg -1 -1 -1 1
000460.jpg 1 -1 -1 -1
001643.jpg -1 1 -1 -1
008834.jpg -1 -1 1 -1
009681.jpg -1 -1 -1 1
006798.jpg 1 -1 -1 -1
000061.jpg -1 1 -1 -1
007652.jpg -1 -1 1 -1
001859.jpg -1 -1 -1 1
003610.jpg 1 -1 -1 -1
004400.jpg -1 1 -1 -1
005871.jpg -1 -1 1 -1
002044.jpg -1 -1 -1 1
001563.jpg 1 -1 -1 -1
007297.jpg -1 1 -1 -1
001223.jpg -1 -1 1 -1
000020.jpg -1 -1 -1 1
000755.jpg 1 -1 -1 -1
009433.jpg -1 1 -1 -1
008544.jpg -1 -1 1 -1
007254.jpg -1 -1 -1 1
007237.jpg 1 -1 -1 -1
001580.jpg -1 1 -1 -1
009442.jpg -1 -1 1 -1
002865.jpg -1 -1 -1 1
007800.jpg 1 -1 -1 -1
006775.jpg -1 1 -1 -1
008605.jpg -1 -1 1 -1
006724.jpg -1 -1 -1 1
002170.jpg 1 -1 -1 -1
003977.jpg -1 1 -1 -1
000591.jpg -1 -1 1 -1
000902.jpg -1 -1 -1 1
001269.jpg 1 -1 -1 -1
006674.jpg -1 1 -1 -1
000680.jpg -1 -1 1 -1
001613.jpg -1 -1 -1 1
008787.jpg 1 -1 -1 -1
006570.jpg -1 1 -1 -1
003071.jpg -1 -1 1 -1
008886.jpg -1 -1 -1 1
009637.jpg 1 -1 -1 -1
005419.jpg -1 1 -1 -1
001858.jpg -1 -1 1 -1
004241.jpg -1 -1 -1 1
007896.jpg 1 -1 -1 -1
008957.jpg -1 1 -1 -1
001539.jpg -1 -1 1 -1
008922.jpg -1 -1 -1 1
003305.jpg 1 -1 -1 -1
008688.jpg -1 1 -1 -1
003503.jpg -1 -1 1 -1
004284.jpg -1 -1 -1 1
008627.jpg 1 -1 -1 -1
009226.jpg -1 1 -1 -1
008089.jpg -1 -1 1 -1
004640.jpg -1 -1 -1 1
001887.jpg 1 -1 -1 -1
002326.jpg -1 1 -1 -1
003845.jpg -1 -1 1 -1
003211.jpg -1 -1 -1 1
002466.jpg 1 -1 -1 -1
008503.jpg -1 1 -1 -1
005550.jpg -1 -1 1 -1
001117.jpg -1 -1 -1 1
007482.jpg 1 -1 -1 -1
004166.jpg -1 1 -1 -1
006069.jpg -1 -1 1 -1
001308.jpg -1 -1 -1 1
007227.jpg 1 -1 -1 -1
007890.jpg -1 1 -1 -1
000872.jpg -1 -1 1 -1
003815.jpg -1 -1 -1 1
002317.jpg 1 -1 -1 -1
009524.jpg -1 1 -1 -1
000275.jpg -1 -1 1 -1
003690.jpg -1 -1 -1 1
006784.jpg 1 -1 -1 -1
008895.jpg -1 1 -1 -1
003958.jpg -1 -1 1 -1
006245.jpg -1 -1 -1 1
004940.jpg 1 -1 -1 -1
009195.jpg -1 1 -1 -1
005134.jpg -1 -1 1 -1
001469.jpg -1 -1 -1 1
003940.jpg 1 -1 -1 -1
001219.jpg -1 1 -1 -1
001135.jpg -1 -1 1 -1
001702.jpg -1 -1 -1 1
004373.jpg 1 -1 -1 -1
006524.jpg -1 1 -1 -1
009115.jpg -1 -1 1 -1
004679.jpg -1 -1 -1 1
000115.jpg 1 -1 -1 -1
006346.jpg -1 1 -1 -1
006745.jpg -1 -1 1 -1
000736.jpg -1 -1 -1 1
007711.jpg 1 -1 -1 -1
000453.jpg -1 1 -1 -1
006060.jpg -1 -1 1 -1
006987.jpg -1 -1 -1 1
008369.jpg 1 -1 -1 -1
008184.jpg -1 1 -1 -1
003012.jpg -1 -1 1 -1
001289.jpg -1 -1 -1 1
002832.jpg 1 -1 -1 -1
007430.jpg -1 1 -1 -1
003548.jpg -1 -1 1 -1
002811.jpg -1 -1 -1 1
009106.jpg 1 -1 -1 -1
001889.jpg -1 1 -1 -1
001064.jpg -1 -1 1 -1
003021.jpg -1 -1 -1 1
007668.jpg 1 -1 -1 -1
008147.jpg -1 1 -1 -1
000810.jpg -1 -1 1 -1
002880.jpg -1 -1 -1 1
002853.jpg 1 -1 -1 -1
004290.jpg -1 1 -1 -1
009745.jpg -1 -1 1 -1
008280.jpg -1 -1 -1 1
000899.jpg 1 -1 -1 -1
003162.jpg -1 1 -1 -1
000617.jpg -1 -1 1 -1
000880.jpg -1 -1 -1 1
004966.jpg 1 -1 -1 -1
009173.jpg -1 1 -1 -1
008764.jpg -1 -1 1 -1
004699.jpg -1 -1 -1 1
009214.jpg 1 -1 -1 -1
007987.jpg -1 1 -1 -1
003466.jpg -1 -1 1 -1
005401.jpg -1 -1 -1 1
008854.jpg 1 -1 -1 -1
000108.jpg -1 1 -1 -1
004898.jpg -1 -1 1 -1
002929.jpg -1 -1 -1 1
000184.jpg 1 -1 -1 -1
003886.jpg -1 1 -1 -1
002525.jpg -1 -1 1 -1
009348.jpg -1 -1 -1 1
001722.jpg 1 -1 -1 -1
008137.jpg -1 1 -1 -1
007120.jpg -1 -1 1 -1
009871.jpg -1 -1 -1 1
005788.jpg 1 -1 -1 -1
004641.jpg -1 1 -1 -1
001256.jpg -1 -1 1 -1
007271.jpg -1 -1 -1 1
003725.jpg 1 -1 -1 -1
005812.jpg -1 1 -1 -1
008825.jpg -1 -1 1 -1
004159.jpg -1 -1 -1 1
009420.jpg 1 -1 -1 -1
000363.jpg -1 1 -1 -1
004305.jpg -1 -1 1 -1
000280.jpg -1 -1 -1 1
000535.jpg 1 -1 -1 -1
003470.jpg -1 1 -1 -1
002877.jpg -1 -1 1 -1
000228.jpg -1 -1 -1 1
000579.jpg 1 -1 -1 -1
008474.jpg -1 1 -1 -1
007465.jpg -1 -1 1 -1
005168.jpg -1 -1 -1 1
008230.jpg 1 -1 -1 -1
000283.jpg -1 1 -1 -1
001921.jpg -1 -1 1 -1
008135.jpg -1 -1 -1 1
008382.jpg 1 -1 -1 -1
008980.jpg -1 1 -1 -1
000586.jpg -1 -1 1 -1
004057.jpg -1 -1 -1 1
009312.jpg 1 -1 -1 -1
002975.jpg -1 1 -1 -1
003926.jpg -1 -1 1 -1
008568.jpg -1 -1 -1 1
007034.jpg 1 -1 -1 -1
007503.jpg -1 1 -1 -1
004085.jpg -1 -1 1 -1
008028.jpg -1 -1 -1 1
007393.jpg 1 -1 -1 -1
001448.jpg -1 1 -1 -1
000807.jpg -1 -1 1 -1
004429.jpg -1 -1 -1 1
003956.jpg 1 -1 -1 -1
007507.jpg -1 1 -1 -1
007481.jpg -1 -1 1 -1
009983.jpg -1 -1 -1 1
005558.jpg 1 -1 -1 -1
003468.jpg -1 1 -1 -1
004139.jpg -1 -1 1 -1
006722.jpg -1 -1 -1 1
008664.jpg 1 -1 -1 -1
002263.jpg -1 1 -1 -1
006564.jpg -1 -1 1 -1
000259.jpg -1 -1 -1 1
009456.jpg 1 -1 -1 -1
002389.jpg -1 1 -1 -1
004673.jpg -1 -1 1 -1
001671.jpg -1 -1 -1 1
007550.jpg 1 -1 -1 -1
000685.jpg -1 1 -1 -1
007124.jpg -1 -1 1 -1
007347.jpg -1 -1 -1 1
002713.jpg 1 -1 -1 -1
005408.jpg -1 1 -1 -1
008799.jpg -1 -1 1 -1
006661.jpg -1 -1 -1 1
004588.jpg 1 -1 -1 -1
001931.jpg -1 1 -1 -1
007330.jpg -1 -1 1 -1
008433.jpg -1 -1 -1 1
000568.jpg 1 -1 -1 -1
002222.jpg -1 1 -1 -1
003933.jpg -1 -1 1 -1
005636.jpg -1 -1 -1 1
005449.jpg 1 -1 -1 -1
005135.jpg -1 1 -1 -1
000838.jpg -1 -1 1 -1
008885.jpg -1 -1 -1 1
005947.jpg 1 -1 -1 -1
001640.jpg -1 1 -1 -1
005133.jpg -1 -1 1 -1
002100.jpg -1 -1 -1 1
008554.jpg 1 -1 -1 -1
006137.jpg -1 1 -1 -1
007552.jpg -1 -1 1 -1
000630.jpg -1 -1 -1 1
009061.jpg 1 -1 -1 -1
007915.jpg -1 1 -1 -1
009809.jpg -1 -1 1 -1
000664.jpg -1 -1 -1 1
003991.jpg 1 -1 -1 -1
001806.jpg -1 1 -1 -1
004285.jpg -1 -1 1 -1
002714.jpg -1 -1 -1 1
004777.jpg 1 -1 -1 -1
008047.jpg -1 1 -1 -1
007189.jpg -1 -1 1 -1
007835.jpg -1 -1 -1 1
001074.jpg 1 -1 -1 -1
007425.jpg -1 1 -1 -1
006718.jpg -1 -1 1 -1
001389.jpg -1 -1 -1 1
005268.jpg 1 -1 -1 -1
001369.jpg -1 1 -1 -1
001504.jpg -1 -1 1 -1
003269.jpg -1 -1 -1 1
005707.jpg 1 -1 -1 -1
000354.jpg -1 1 -1 -1
002993.jpg -1 -1 1 -1
008952.jpg -1 -1 -1 1
000759.jpg 1 -1 -1 -1
009582.jpg -1 1 -1 -1
001274.jpg -1 -1 1 -1
003600.jpg -1 -1 -1 1
002767.jpg 1 -1 -1 -1
004102.jpg -1 1 -1 -1
001531.jpg -1 -1 1 -1
001832.jpg -1 -1 -1 1
004263.jpg 1 -1 -1 -1
005837.jpg -1 1 -1 -1
000244.jpg -1 -1 1 -1
006867.jpg -1 -1 -1 1
005674.jpg 1 -1 -1 -1
004793.jpg -1 1 -1 -1
003648.jpg -1 -1 1 -1
005247.jpg -1 -1 -1 1
005669.jpg 1 -1 -1 -1
007948.jpg -1 1 -1 -1
009154.jpg -1 -1 1 -1
004369.jpg -1 -1 -1 1
009048.jpg 1 -1 -1 -1
005719.jpg -1 1 -1 -1
009166.jpg -1 -1 1 -1
002852.jpg -1 -1 -1 1
008026.jpg 1 -1 -1 -1
001648.jpg -1 1 -1 -1
005679.jpg -1 -1 1 -1
001638.jpg -1 -1 -1 1
001340.jpg 1 -1 -1 -1
003419.jpg -1 1 -1 -1
002290.jpg -1 -1 1 -1
005127.jpg -1 -1 -1 1
005886.jpg 1 -1 -1 -1
002093.jpg -1 1 -1 -1
003412.jpg -1 -1 1 -1
006707.jpg -1 -1 -1 1
008330.jpg 1 -1 -1 -1
000025.jpg -1 1 -1 -1
004063.jpg -1 -1 1 -1
005526.jpg -1 -1 -1 1
009068.jpg 1 -1 -1 -1
009483.jpg -1 1 -1 -1
009762.jpg -1 -1 1 -1
000952.jpg -1 -1 -1 1
002487.jpg 1 -1 -1 -1
000558.jpg -1 1 -1 -1
005341.jpg -1 -1 1 -1
001924.jpg -1 -1 -1 1
006586.jpg 1 -1 -1 -1
002761.jpg -1 1 -1 -1
007888.jpg -1 -1 1 -1
000399.jpg -1 -1 -1 1
007366.jpg 1 -1 -1 -1
002101.jpg -1 1 -1 -1
002024.jpg -1 -1 1 -1
009566.jpg -1 -1 -1 1
006541.jpg 1 -1 -1 -1
002794.jpg -1 1 -1 -1
003449.jpg -1 -1 1 -1
007158.jpg -1 -1 -1 1
002277.jpg 1 -1 -1 -1
001996.jpg -1 1 -1 -1
002178.jpg -1 -1 1 -1
001048.jpg -1 -1 -1 1
007447.jpg 1 -1 -1 -1
000142.jpg -1 1 -1 -1
005693.jpg -1 -1 1 -1
009188.jpg -1 -1 -1 1
002089.jpg 1 -1 -1 -1
005936.jpg -1 1 -1 -1
003311.jpg -1 -1 1 -1
004902.jpg -1 -1 -1 1
000405.jpg 1 -1 -1 -1
003580.jpg -1 1 -1 -1
003506.jpg -1 -1 1 -1
005054.jpg -1 -1 -1 1
002797.jpg 1 -1 -1 -1
001556.jpg -1 1 -1 -1
005450.jpg -1 -1 1 -1
009887.jpg -1 -1 -1 1
000598.jpg 1 -1 -1 -1
003116.jpg -1 1 -1 -1
002786.jpg -1 -1 1 -1
008497.jpg -1 -1 -1 1
009336.jpg 1 -1 -1 -1
004215.jpg -1 1 -1 -1
007918.jpg -1 -1 1 -1
008260.jpg -1 -1 -1 1
009609.jpg 1 -1 -1 -1
006901.jpg -1 1 -1 -1
000604.jpg -1 -1 1 -1
009083.jpg -1 -1 -1 1
000018.jpg 1 -1 -1 -1
002017.jpg -1 1 -1 -1
002216.jpg -1 -1 1 -1
007719.jpg -1 -1 -1 1
008734.jpg 1 -1 -1 -1
007245.jpg -1 1 -1 -1
006227.jpg -1 -1 1 -1
002105.jpg -1 -1 -1 1
000511.jpg 1 -1 -1 -1
002230.jpg -1 1 -1 -1
002859.jpg -1 -1 1 -1
009873.jpg -1 -1 -1 1
009432.jpg 1 -1 -1 -1
009175.jpg -1 1 -1 -1
007502.jpg -1 -1 1 -1
002266.jpg -1 -1 -1 1
008937.jpg 1 -1 -1 -1
000943.jpg -1 1 -1 -1
008166.jpg -1 -1 1 -1
005205.jpg -1 -1 -1 1
005820.jpg 1 -1 -1 -1
004722.jpg -1 1 -1 -1
008583.jpg -1 -1 1 -1
004222.jpg -1 -1 -1 1
003501.jpg 1 -1 -1 -1
006067.jpg -1 1 -1 -1
002570.jpg -1 -1 1 -1
006176.jpg -1 -1 -1 1
009477.jpg 1 -1 -1 -1
000651.jpg -1 1 -1 -1
003057.jpg -1 -1 1 -1
001336.jpg -1 -1 -1 1
005943.jpg 1 -1 -1 -1
006749.jpg -1 1 -1 -1
000826.jpg -1 -1 1 -1
000073.jpg -1 -1 -1 1
000080.jpg 1 -1 -1 -1
002844.jpg -1 1 -1 -1
004667.jpg -1 -1 1 -1
001234.jpg -1 -1 -1 1
004769.jpg 1 -1 -1 -1
002408.jpg -1 1 -1 -1
001255.jpg -1 -1 1 -1
007902.jpg -1 -1 -1 1
007949.jpg 1 -1 -1 -1
000761.jpg -1 1 -1 -1
008320.jpg -1 -1 1 -1
006335.jpg -1 -1 -1 1
006476.jpg 1 -1 -1 -1
006635.jpg -1 1 -1 -1
004610.jpg -1 -1 1 -1
004433.jpg -1 -1 -1 1
001432.jpg 1 -1 -1 -1
007101.jpg -1 1 -1 -1
005476.jpg -1 -1 1 -1
007578.jpg -1 -1 -1 1
008060.jpg 1 -1 -1 -1
006555.jpg -1 1 -1 -1
005938.jpg -1 -1 1 -1
002049.jpg -1 -1 -1 1
002119.jpg 1 -1 -1 -1
003390.jpg -1 1 -1 -1
004205.jpg -1 -1 1 -1
002272.jpg -1 -1 -1 1
005151.jpg 1 -1 -1 -1
007126.jpg -1 1 -1 -1
006085.jpg -1 -1 1 -1
007596.jpg -1 -1 -1 1
004427.jpg 1 -1 -1 -1
005218.jpg -1 1 -1 -1
009720.jpg -1 -1 1 -1
007671.jpg -1 -1 -1 1
006254.jpg 1 -1 -1 -1
004548.jpg -1 1 -1 -1
006138.jpg -1 -1 1 -1
006921.jpg -1 -1 -1 1
004368.jpg 1 -1 -1 -1
009679.jpg -1 1 -1 -1
000774.jpg -1 -1 1 -1
000117.jpg -1 -1 -1 1
005084.jpg 1 -1 -1 -1
000251.jpg -1 1 -1 -1
002450.jpg -1 -1 1 -1
007521.jpg -1 -1 -1 1
002600.jpg 1 -1 -1 -1
007070.jpg -1 1 -1 -1
008653.jpg -1 -1 1 -1
009204.jpg -1 -1 -1 1
005587.jpg 1 -1 -1 -1
004416.jpg -1 1 -1 -1
008758.jpg -1 -1 1 -1
008485.jpg -1 -1 -1 1
000524.jpg 1 -1 -1 -1
